Protein,Peptide,Precursor,Precursor Charge,Precursor Mz,Peptide Modified Sequence,Peptide start,Peptide end,Modifications,Library Name,Total Area,F1_1A Total Area,F3_2A Total Area,F5_3A Total Area,F7_4A Total Area,F2_1B Total Area,F4_2B Total Area,F6_3B Total Area,F8_4B Total Area
sp|P47710|CASA1_HUMAN,RPKLPLRYPE,,,,RPKLPLRYPE,16,25,,PeptidesInHumanMilk,,8.70E+08,2.50E+09,2.20E+08,4.40E+08,1.50E+09,5.70E+09,1.30E+09,8.30E+01
sp|P47710|CASA1_HUMAN,RPKLPLRYPERLQ,,,,RPKLPLRYPERLQ,16,28,,PeptidesInHumanMilk,,,7.30E+07,1.20E+08,,,,1.30E+08,
sp|P47710|CASA1_HUMAN,RPKLPLRYPERLQNPSESSEPIPLESREEY,,,,RPKLPLRYPERLQNPSESSEPIPLESREEY,16,45,,PeptidesInHumanMilk,,,,,3.20E+07,3.40E+07,,,
sp|P47710|CASA1_HUMAN,RPKLPLRYPERLQNPSESSEPIPLESREEYMNGMN,,,,RPKLPLRYPERLQNPSESSEPIPLESREEYMNGMN,16,50,,PeptidesInHumanMilk,,3.40E+09,5.70E+09,2.60E+09,1.80E+10,8.20E+09,2.70E+09,1.20E+09,2.70E+01
sp|P47710|CASA1_HUMAN,RPKLPLRYPERLQNPSESSEPIPLESREEYMNGMNR,,,,RPKLPLRYPERLQNPSESSEPIPLESREEYMNGMNR,16,51,,PeptidesInHumanMilk,,5.30E+09,2.00E+10,3.80E+09,8.40E+09,1.30E+10,2.60E+10,4.60E+08,1.20E+01
sp|P47710|CASA1_HUMAN,RPKLPLRYPERLQNPSESSEPIPLESREEYMNGMNRQ,,,,RPKLPLRYPERLQNPSESSEPIPLESREEYMNGMNRQ,16,52,,PeptidesInHumanMilk,,5.00E+07,1.20E+08,4.30E+07,,1.20E+08,1.90E+08,,2.70E+01
sp|P47710|CASA1_HUMAN,RPKLPLRYPERLQNPSESSEPIPLESREEYMNGMNRQR,,,,RPKLPLRYPERLQNPSESSEPIPLESREEYMNGMNRQR,16,53,,PeptidesInHumanMilk,,,,,1.20E+08,,,,1.20E+01
sp|P47710|CASA1_HUMAN,KLPLRYPERLQNPSESSEPIPLESREEY,,,,KLPLRYPERLQNPSESSEPIPLESREEY,18,45,,PeptidesInHumanMilk,,,,,2.00E+07,,,,3.20E+01
sp|P47710|CASA1_HUMAN,KLPLRYPERLQNPSESSEPIPLESREEYMNGMN,,,,KLPLRYPERLQNPSESSEPIPLESREEYMNGMN,18,50,,PeptidesInHumanMilk,,,9.90E+06,,6.20E+08,,,,5.60E+01
sp|P47710|CASA1_HUMAN,KLPLRYPERLQNPSESSEPIPLESREEYMNGMNR,,,,KLPLRYPERLQNPSESSEPIPLESREEYMNGMNR,18,51,,PeptidesInHumanMilk,,8.60E+07,1.90E+08,8.10E+07,,3.50E+07,1.40E+08,,1.60E+01
sp|P47710|CASA1_HUMAN,LPLRYPERLQNPSESSEPIPLESR,,,,LPLRYPERLQNPSESSEPIPLESR,19,42,,PeptidesInHumanMilk,,,,,2.70E+07,,,,9.10E+01
sp|P47710|CASA1_HUMAN,LPLRYPERLQNPSESSEPIPLESREEYMNGMN,,,,LPLRYPERLQNPSESSEPIPLESREEYMNGMN,19,50,,PeptidesInHumanMilk,,1.10E+08,,,1.20E+09,6.80E+08,1.60E+09,7.30E+07,2.60E+01
sp|P47710|CASA1_HUMAN,LPLRYPERLQNPSESSEPIPLESREEYMNGMNR,,,,LPLRYPERLQNPSESSEPIPLESREEYMNGMNR,19,51,,PeptidesInHumanMilk,,,,,,,,,8.00E+00
sp|P47710|CASA1_HUMAN,LRYPERLQNPSESSEPIPLESREEYMNGMN,,,,LRYPERLQNPSESSEPIPLESREEYMNGMN,21,50,,PeptidesInHumanMilk,,5.30E+06,,,1.40E+08,7.70E+07,1.00E+08,,
sp|P47710|CASA1_HUMAN,RYPERLQNPSESSEPIPLESREEYMNGMN,,,,RYPERLQNPSESSEPIPLESREEYMNGMN,22,50,,PeptidesInHumanMilk,,4.20E+07,,,8.20E+08,,,,1.20E+01
sp|P47710|CASA1_HUMAN,RYPERLQNPSESSEPIPLESREEYMNGMNR,,,,RYPERLQNPSESSEPIPLESREEYMNGMNR,22,51,,PeptidesInHumanMilk,,,,,3.40E+08,,2.70E+07,,4.90E+01
sp|P47710|CASA1_HUMAN,YPERLQNPSE,,,,YPERLQNPSE,23,32,,PeptidesInHumanMilk,,,8.40E+06,,,,2.20E+07,,5.30E+01
sp|P47710|CASA1_HUMAN,YPERLQNPSESSEPIP,,,,YPERLQNPSESSEPIP,23,38,,PeptidesInHumanMilk,,,1.40E+08,,4.60E+07,2.10E+07,2.60E+08,,2.30E+01
sp|P47710|CASA1_HUMAN,YPERLQNPSESSEPIPL,,,,YPERLQNPSESSEPIPL,23,39,,PeptidesInHumanMilk,,,,,,,,8.50E+07,
sp|P47710|CASA1_HUMAN,YPERLQNPSESSEPIPLESR,,,,YPERLQNPSESSEPIPLESR,23,42,,PeptidesInHumanMilk,,,,,,,,,1.90E+01
sp|P47710|CASA1_HUMAN,YPERLQNPSESSEPIPLESREE,,,,YPERLQNPSESSEPIPLESREE,23,44,,PeptidesInHumanMilk,,,1.20E+07,,,,2.70E+07,,
sp|P47710|CASA1_HUMAN,YPERLQNPSESSEPIPLESREEY,,,,YPERLQNPSESSEPIPLESREEY,23,45,,PeptidesInHumanMilk,,,,,6.70E+06,4.50E+06,,,2.30E+01
sp|P47710|CASA1_HUMAN,YPERLQNPSESSEPIPLESREEYMNGMN,,,,YPERLQNPSESSEPIPLESREEYMNGMN,23,50,,PeptidesInHumanMilk,,1.10E+08,3.30E+08,5.20E+07,3.40E+08,2.00E+08,1.30E+09,4.20E+07,5.10E+01
sp|P47710|CASA1_HUMAN,YPERLQNPSESSEPIPLESREEYMNGMNR,,,,YPERLQNPSESSEPIPLESREEYMNGMNR,23,51,,PeptidesInHumanMilk,,,,,3.20E+08,2.90E+08,1.50E+09,6.80E+06,4.80E+01
sp|P47710|CASA1_HUMAN,ERLQNPSESSEPIPLESREE,,,,ERLQNPSESSEPIPLESREE,25,44,,PeptidesInHumanMilk,,,,,3.40E+06,1.40E+06,1.20E+07,,7.70E+01
sp|P47710|CASA1_HUMAN,ERLQNPSESSEPIPLESREEY,,,,ERLQNPSESSEPIPLESREEY,25,45,,PeptidesInHumanMilk,,,,,4.30E+06,,7.70E+06,,7.20E+01
sp|P47710|CASA1_HUMAN,ERLQNPSESSEPIPLESREEYMNGMN,,,,ERLQNPSESSEPIPLESREEYMNGMN,25,50,,PeptidesInHumanMilk,,1.60E+07,1.60E+08,,1.10E+08,3.00E+07,5.20E+08,,3.30E+01
sp|P47710|CASA1_HUMAN,ERLQNPSESSEPIPLESREEYMNGMNR,,,,ERLQNPSESSEPIPLESREEYMNGMNR,25,51,,PeptidesInHumanMilk,,,3.80E+07,,,,5.40E+07,2.70E+07,
sp|P47710|CASA1_HUMAN,RLQNPSESSEPIP,,,,RLQNPSESSEPIP,26,38,,PeptidesInHumanMilk,,,,,1.10E+07,4.00E+07,1.60E+08,3.20E+07,1.70E+01
sp|P47710|CASA1_HUMAN,RLQNPSESSEPIPLE,,,,RLQNPSESSEPIPLE,26,40,,PeptidesInHumanMilk,,,5.00E+08,3.20E+07,2.50E+07,,2.20E+08,1.20E+08,3.40E+01
sp|P47710|CASA1_HUMAN,RLQNPSESSEPIPLES,,,,RLQNPSESSEPIPLES,26,41,,PeptidesInHumanMilk,,,,,,,2.90E+07,5.20E+06,
sp|P47710|CASA1_HUMAN,RLQNPSESSEPIPLESR,,,,RLQNPSESSEPIPLESR,26,42,,PeptidesInHumanMilk,,9.30E+06,2.20E+07,,1.50E+07,8.00E+06,1.70E+07,,3.10E+01
sp|P47710|CASA1_HUMAN,RLQNPSESSEPIPLESREE,,,,RLQNPSESSEPIPLESREE,26,44,,PeptidesInHumanMilk,,8.50E+07,1.90E+08,4.00E+07,2.10E+08,1.70E+08,4.30E+08,6.90E+07,2.90E+01
sp|P47710|CASA1_HUMAN,RLQNPSESSEPIPLESREEY,,,,RLQNPSESSEPIPLESREEY,26,45,,PeptidesInHumanMilk,,3.10E+07,5.40E+07,3.20E+07,8.30E+07,9.00E+07,9.80E+07,7.00E+07,1.10E+01
sp|P47710|CASA1_HUMAN,RLQNPSESSEPIPLESREEYM,,,,RLQNPSESSEPIPLESREEYM,26,46,,PeptidesInHumanMilk,,,,,,,,5.80E+06,
sp|P47710|CASA1_HUMAN,RLQNPSESSEPIPLESREEYMN,,,,RLQNPSESSEPIPLESREEYMN,26,47,,PeptidesInHumanMilk,,,6.40E+06,1.30E+07,,1.10E+07,,,
sp|P47710|CASA1_HUMAN,RLQNPSESSEPIPLESREEYMNG,,,,RLQNPSESSEPIPLESREEYMNG,26,48,,PeptidesInHumanMilk,,5.00E+07,1.80E+08,4.90E+07,,1.00E+08,4.50E+08,5.00E+07,2.20E+01
sp|P47710|CASA1_HUMAN,RLQNPSESSEPIPLESREEYMNGM,,,,RLQNPSESSEPIPLESREEYMNGM,26,49,,PeptidesInHumanMilk,,2.60E+08,6.10E+08,8.90E+07,2.50E+08,4.60E+08,4.00E+08,7.00E+07,2.30E+01
sp|P47710|CASA1_HUMAN,RLQNPSESSEPIPLESREEYMNGMN,,,,RLQNPSESSEPIPLESREEYMNGMN,26,50,,PeptidesInHumanMilk,,1.50E+10,4.30E+10,6.10E+09,2.00E+10,2.00E+10,6.40E+10,7.10E+09,2.60E+01
sp|P47710|CASA1_HUMAN,RLQNPSESSEPIPLESREEYMNGMNR,,,,RLQNPSESSEPIPLESREEYMNGMNR,26,51,,PeptidesInHumanMilk,,1.30E+10,3.00E+10,2.20E+09,8.60E+09,2.60E+10,4.50E+10,6.70E+09,1.10E+01
sp|P47710|CASA1_HUMAN,RLQNPSESSEPIPLESREEYMNGMNRQ,,,,RLQNPSESSEPIPLESREEYMNGMNRQ,26,52,,PeptidesInHumanMilk,,4.00E+07,2.80E+08,2.50E+07,1.50E+08,,1.10E+08,,2.20E+01
sp|P47710|CASA1_HUMAN,RLQNPSESSEPIPLESREEYMNGMNRQR,,,,RLQNPSESSEPIPLESREEYMNGMNRQR,26,53,,PeptidesInHumanMilk,,,4.10E+07,,3.30E+07,,4.60E+07,,
sp|P47710|CASA1_HUMAN,RLQNPSESSEPIPLESREEYMNGMNRQRNIL,,,,RLQNPSESSEPIPLESREEYMNGMNRQRNIL,26,56,,PeptidesInHumanMilk,,,4.10E+07,,,,7.90E+07,,2.40E+01
sp|P47710|CASA1_HUMAN,LQNPSESSEPIPLESREE,,,,LQNPSESSEPIPLESREE,27,44,,PeptidesInHumanMilk,,,,,2.20E+06,,2.40E+06,,7.40E+01
sp|P47710|CASA1_HUMAN,LQNPSESSEPIPLESREEYMNGM,,,,LQNPSESSEPIPLESREEYMNGM,27,49,,PeptidesInHumanMilk,,6.20E+06,2.40E+07,,,1.10E+07,5.90E+07,,1.70E+01
sp|P47710|CASA1_HUMAN,LQNPSESSEPIPLESREEYMNGMN,,,,LQNPSESSEPIPLESREEYMNGMN,27,50,,PeptidesInHumanMilk,,2.10E+08,3.20E+09,8.50E+07,5.00E+08,1.60E+09,5.00E+09,2.50E+08,1.90E+01
sp|P47710|CASA1_HUMAN,LQNPSESSEPIPLESREEYMNGMNR,,,,LQNPSESSEPIPLESREEYMNGMNR,27,51,,PeptidesInHumanMilk,,2.70E+07,2.40E+08,1.20E+07,1.90E+08,3.60E+08,1.40E+08,,3.70E+01
sp|P47710|CASA1_HUMAN,LQNPSESSEPIPLESREEYMNGMNRQ,,,,LQNPSESSEPIPLESREEYMNGMNRQ,27,52,,PeptidesInHumanMilk,,7.80E+06,6.30E+07,,,1.90E+07,2.60E+07,6.60E+06,
sp|P47710|CASA1_HUMAN,LQNPSESSEPIPLESREEYMNGMNRQRN,,,,LQNPSESSEPIPLESREEYMNGMNRQRN,27,54,,PeptidesInHumanMilk,,,,,1.40E+07,,,,2.50E+01
sp|P47710|CASA1_HUMAN,LQNPSESSEPIPLESREEYMNGMNRQRNIL,,,,LQNPSESSEPIPLESREEYMNGMNRQRNIL,27,56,,PeptidesInHumanMilk,,,2.90E+07,,6.80E+07,,,,2.10E+01
sp|P47710|CASA1_HUMAN,QNPSESSEPIPLESREEYMNGMN,,,,QNPSESSEPIPLESREEYMNGMN,28,50,,PeptidesInHumanMilk,,1.20E+07,5.60E+08,6.90E+06,1.70E+07,4.40E+06,8.40E+08,,5.40E+01
sp|P47710|CASA1_HUMAN,QNPSESSEPIPLESREEYMNGMNR,,,,QNPSESSEPIPLESREEYMNGMNR,28,51,,PeptidesInHumanMilk,,7.00E+07,7.30E+08,,,,7.30E+08,1.20E+07,7.90E+01
sp|P47710|CASA1_HUMAN,NPSESSEPIPLESR,,,,NPSESSEPIPLESR,29,42,,PeptidesInHumanMilk,,6.30E+06,1.20E+07,,3.40E+06,8.20E+06,3.30E+07,,1.20E+01
sp|P47710|CASA1_HUMAN,NPSESSEPIPLESRE,,,,NPSESSEPIPLESRE,29,43,,PeptidesInHumanMilk,,2.10E+07,3.10E+07,9.80E+06,5.20E+06,3.60E+07,2.80E+07,5.90E+06,5.70E+01
sp|P47710|CASA1_HUMAN,NPSESSEPIPLESREE,,,,NPSESSEPIPLESREE,29,44,,PeptidesInHumanMilk,,,7.30E+07,1.20E+07,,3.80E+07,1.20E+08,1.10E+07,
sp|P47710|CASA1_HUMAN,NPSESSEPIPLESREEY,,,,NPSESSEPIPLESREEY,29,45,,PeptidesInHumanMilk,,9.10E+06,,4.60E+06,6.50E+06,1.50E+07,1.50E+07,3.70E+06,
sp|P47710|CASA1_HUMAN,NPSESSEPIPLESREEYMNG,,,,NPSESSEPIPLESREEYMNG,29,48,,PeptidesInHumanMilk,,,1.10E+07,,,,2.30E+07,,
sp|P47710|CASA1_HUMAN,NPSESSEPIPLESREEYMNGM,,,,NPSESSEPIPLESREEYMNGM,29,49,,PeptidesInHumanMilk,,,,,,,1.40E+07,,
sp|P47710|CASA1_HUMAN,NPSESSEPIPLESREEYMNGMN,,,,NPSESSEPIPLESREEYMNGMN,29,50,,PeptidesInHumanMilk,,7.80E+07,2.50E+08,4.70E+07,9.90E+07,2.40E+08,6.10E+08,5.00E+06,1.20E+01
sp|P47710|CASA1_HUMAN,NPSESSEPIPLESREEYMNGMNR,,,,NPSESSEPIPLESREEYMNGMNR,29,51,,PeptidesInHumanMilk,,,1.80E+09,1.10E+08,9.60E+07,1.80E+08,1.80E+09,8.80E+07,1.90E+01
sp|P47710|CASA1_HUMAN,PSESSEPIPLESREE,,,,PSESSEPIPLESREE,30,44,,PeptidesInHumanMilk,,1.70E+06,,,,,1.00E+07,,
sp|P47710|CASA1_HUMAN,PSESSEPIPLESREEYMNGMN,,,,PSESSEPIPLESREEYMNGMN,30,50,,PeptidesInHumanMilk,,,7.10E+07,,,,9.10E+07,,
sp|P47710|CASA1_HUMAN,PSESSEPIPLESREEYMNGMNR,,,,PSESSEPIPLESREEYMNGMNR,30,51,,PeptidesInHumanMilk,,1.60E+07,,1.80E+07,2.00E+07,3.20E+07,6.20E+07,1.50E+07,2.10E+01
sp|P47710|CASA1_HUMAN,SESSEPIPLESREEYMNGMN,,,,SESSEPIPLESREEYMNGMN,31,50,,PeptidesInHumanMilk,,,3.90E+07,,,,5.70E+07,,
sp|P47710|CASA1_HUMAN,SESSEPIPLESREEYMNGMNR,,,,SESSEPIPLESREEYMNGMNR,31,51,,PeptidesInHumanMilk,,,,,1.40E+08,,4.30E+07,,2.10E+01
sp|P47710|CASA1_HUMAN,ESSEPIPLESREEYMNGMN,,,,ESSEPIPLESREEYMNGMN,32,50,,PeptidesInHumanMilk,,,,,5.00E+06,4.00E+07,2.20E+08,,8.70E+01
sp|P47710|CASA1_HUMAN,ESSEPIPLESREEYMNGMNR,,,,ESSEPIPLESREEYMNGMNR,32,51,,PeptidesInHumanMilk,,1.90E+08,9.30E+08,1.50E+08,1.30E+08,,8.00E+08,5.40E+07,2.00E+00
sp|P47710|CASA1_HUMAN,SSEPIPLESREEYM,,,,SSEPIPLESREEYM,33,46,,PeptidesInHumanMilk,,,,,,,2.60E+07,,1.00E+00
sp|P47710|CASA1_HUMAN,SSEPIPLESREEYMNGMN,,,,SSEPIPLESREEYMNGMN,33,50,,PeptidesInHumanMilk,,,,,,,3.20E+07,1.70E+06,3.50E+01
sp|P47710|CASA1_HUMAN,SSEPIPLESREEYMNGMNR,,,,SSEPIPLESREEYMNGMNR,33,51,,PeptidesInHumanMilk,,,,,6.20E+07,3.80E+07,1.50E+08,,1.30E+01
sp|P47710|CASA1_HUMAN,EPIPLESREEYMNGMN,,,,EPIPLESREEYMNGMN,35,50,,PeptidesInHumanMilk,,3.30E+07,6.10E+07,,4.30E+07,5.90E+07,3.60E+08,,5.40E+01
sp|P47710|CASA1_HUMAN,EPIPLESREEYMNGMNR,,,,EPIPLESREEYMNGMNR,35,51,,PeptidesInHumanMilk,,6.40E+07,3.90E+08,2.70E+07,6.80E+07,1.30E+08,4.80E+08,2.80E+07,8.30E+01
sp|P47710|CASA1_HUMAN,PIPLESREEYMNGMNR,,,,PIPLESREEYMNGMNR,36,51,,PeptidesInHumanMilk,,2.10E+07,9.50E+07,,6.00E+06,4.20E+07,1.20E+08,,1.20E+01
sp|P47710|CASA1_HUMAN,IPLESREEYMNG,,,,IPLESREEYMNG,37,48,,PeptidesInHumanMilk,,,6.80E+06,,,,1.20E+07,,
sp|P47710|CASA1_HUMAN,IPLESREEYMNGMN,,,,IPLESREEYMNGMN,37,50,,PeptidesInHumanMilk,,,1.20E+07,,,,2.90E+07,,1.60E+01
sp|P47710|CASA1_HUMAN,IPLESREEYMNGMNR,,,,IPLESREEYMNGMNR,37,51,,PeptidesInHumanMilk,,,,,8.80E+06,,,,
sp|P47710|CASA1_HUMAN,PLESREEYMNGMNR,,,,PLESREEYMNGMNR,38,51,,PeptidesInHumanMilk,,9.20E+06,5.00E+07,5.80E+06,,2.70E+07,6.00E+07,,6.50E+01
sp|P47710|CASA1_HUMAN,LESREEYMNGMN,,,,LESREEYMNGMN,39,50,,PeptidesInHumanMilk,,,1.80E+07,,,5.00E+06,2.50E+07,,
sp|P47710|CASA1_HUMAN,LESREEYMNGMNR,,,,LESREEYMNGMNR,39,51,,PeptidesInHumanMilk,,5.20E+06,1.10E+07,,,9.30E+06,1.60E+07,4.60E+06,1.70E+01
sp|P47710|CASA1_HUMAN,ESREEYMNGMN,,,,ESREEYMNGMN,40,50,,PeptidesInHumanMilk,,,,,,,1.00E+07,4.50E+06,1.30E+01
sp|P47710|CASA1_HUMAN,ESREEYMNGMNR,,,,ESREEYMNGMNR,40,51,,PeptidesInHumanMilk,,,,,,,,1.40E+07,
sp|P47710|CASA1_HUMAN,SREEYMNGM,,,,SREEYMNGM,41,49,,PeptidesInHumanMilk,,,1.70E+07,,,8.70E+06,,,
sp|P47710|CASA1_HUMAN,SREEYMNGMN,,,,SREEYMNGMN,41,50,,PeptidesInHumanMilk,,4.70E+06,4.00E+07,,,5.70E+06,,,
sp|P47710|CASA1_HUMAN,SREEYMNGMNR,,,,SREEYMNGMNR,41,51,,PeptidesInHumanMilk,,,1.70E+07,,,,2.00E+07,4.30E+06,1.00E+00
sp|P47710|CASA1_HUMAN,EEYMNGMNR,,,,EEYMNGMNR,43,51,,PeptidesInHumanMilk,,,3.10E+07,,,,2.90E+07,,
sp|P47710|CASA1_HUMAN,RQRNILREKQTDEIKDTR,,,,RQRNILREKQTDEIKDTR,51,68,,PeptidesInHumanMilk,,,1.60E+07,,,1.10E+07,2.20E+07,7.70E+06,5.50E+01
sp|P47710|CASA1_HUMAN,QRNILREKQTDEIKDT,,,,QRNILREKQTDEIKDT,52,67,,PeptidesInHumanMilk,,,6.30E+06,7.00E+06,1.10E+07,,5.70E+06,6.10E+06,
sp|P47710|CASA1_HUMAN,QRNILREKQTDEIKDTR,,,,QRNILREKQTDEIKDTR,52,68,,PeptidesInHumanMilk,,1.90E+08,1.60E+08,2.50E+08,1.40E+08,1.80E+08,7.90E+07,1.90E+08,1.50E+01
sp|P47710|CASA1_HUMAN,QRNILREKQTDEIKDTRNESTQN,,,,QRNILREKQTDEIKDTRNESTQN,52,74,,PeptidesInHumanMilk,,,,2.30E+06,1.80E+06,,3.90E+05,,
sp|P47710|CASA1_HUMAN,RNILREKQTDEIKDTR,,,,RNILREKQTDEIKDTR,53,68,,PeptidesInHumanMilk,,2.10E+07,5.20E+07,1.60E+07,1.40E+07,2.60E+07,4.20E+07,3.90E+07,1.90E+01
sp|P47710|CASA1_HUMAN,NILREKQTDEIK[DN],,,,NILREKQTDEIK[DN],54,65,,PeptidesInHumanMilk,,1.30E+06,1.20E+06,,1.20E+06,,8.80E+05,2.50E+06,1.80E+01
sp|P47710|CASA1_HUMAN,NILREKQTDEIKD,,,,NILREKQTDEIKD,54,66,,PeptidesInHumanMilk,,7.80E+06,,1.10E+07,6.00E+06,6.40E+06,,1.40E+07,6.50E+01
sp|P47710|CASA1_HUMAN,NILREKQTDEIKDT,,,,NILREKQTDEIKDT,54,67,,PeptidesInHumanMilk,,9.70E+06,5.80E+06,5.00E+06,1.30E+07,1.10E+07,5.30E+06,8.10E+06,1.90E+01
sp|P47710|CASA1_HUMAN,NILREKQTDEIKDTR,,,,NILREKQTDEIKDTR,54,68,,PeptidesInHumanMilk,,4.10E+07,2.70E+08,3.00E+08,3.10E+08,2.90E+08,1.70E+08,5.10E+07,4.00E+00
sp|P47710|CASA1_HUMAN,NILREKQTDEIKDTRN,,,,NILREKQTDEIKDTRN,54,69,,PeptidesInHumanMilk,,,,6.10E+06,,,,6.70E+06,
sp|P47710|CASA1_HUMAN,NILREKQTDEIKDTRNESTQN,,,,NILREKQTDEIKDTRNESTQN,54,74,,PeptidesInHumanMilk,,,,,,,,,1.20E+01
sp|P47710|CASA1_HUMAN,ILREKQTDEIKDTR,,,,ILREKQTDEIKDTR,55,68,,PeptidesInHumanMilk,,,,,,,,1.80E+06,
sp|P47710|CASA1_HUMAN,EKQTDEIKDTRNESTQNCVVAEPEK,,,,EKQTDEIKDTRNESTQNCVVAEPEK,58,82,,PeptidesInHumanMilk,,,2.10E+07,,,,1.80E+06,,
sp|P47710|CASA1_HUMAN,NESTQNCVVAEPEK,,,,NESTQNCVVAEPEK,69,82,,PeptidesInHumanMilk,,,1.60E+06,,,,,,
sp|P47710|CASA1_HUMAN,NESTQNCVVAEPEKMESSISSSSEEMSLSK,,,,NESTQNCVVAEPEKMESSISSSSEEMSLSK,69,98,,PeptidesInHumanMilk,,,,,,,1.70E+07,,
sp|P47710|CASA1_HUMAN,ESSISSSSEEMSLSK,,,,ESSISSSSEEMSLSK,84,98,,PeptidesInHumanMilk,,,4.20E+06,2.30E+06,,3.00E+06,3.90E+06,,1.10E+01
sp|P47710|CASA1_HUMAN,CAEQFCRLNEYNQLQLQAAHAQEQIR,,,,CAEQFCRLNEYNQLQLQAAHAQEQIR,99,124,,PeptidesInHumanMilk,,,,,,,,,
sp|P47710|CASA1_HUMAN,LNEYNQLQLQAAHAQEQIRR,,,,LNEYNQLQLQAAHAQEQIRR,106,125,,PeptidesInHumanMilk,,2.80E+07,1.40E+07,,,5.60E+07,2.30E+07,4.40E+07,
sp|P47710|CASA1_HUMAN,NEYNQLQLQAAHAQEQIR,,,,NEYNQLQLQAAHAQEQIR,107,124,,PeptidesInHumanMilk,,1.80E+07,2.90E+07,,1.20E+07,3.40E+07,4.00E+07,,1.60E+01
sp|P47710|CASA1_HUMAN,NEYNQLQLQAAHAQEQIRR,,,,NEYNQLQLQAAHAQEQIRR,107,125,,PeptidesInHumanMilk,,1.90E+07,,1.70E+07,9.20E+07,4.40E+07,,1.30E+08,1.30E+01
sp|P47710|CASA1_HUMAN,EYNQLQLQAAHAQEQIRR,,,,EYNQLQLQAAHAQEQIRR,108,125,,PeptidesInHumanMilk,,2.20E+06,,,,3.40E+06,,,
sp|P47710|CASA1_HUMAN,SDISNPTAHENYEK,,,,SDISNPTAHENYEK,165,178,,PeptidesInHumanMilk,,,,,,,,1.50E+07,
sp|P47710|CASA1_HUMAN,SDISNPTAHENYEKNNVMLQW,,,,SDISNPTAHENYEKNNVMLQW,165,185,,PeptidesInHumanMilk,,,,,,,,2.20E+08,
sp|P47710|CASA1_HUMAN,DISNPTAHENYEKNNV,,,,DISNPTAHENYEKNNV,166,181,,PeptidesInHumanMilk,,,,,,,,2.80E+06,
sp|P47710|CASA1_HUMAN,DISNPTAHENYEKNNVMLQW,,,,DISNPTAHENYEKNNVMLQW,166,185,,PeptidesInHumanMilk,,,,,3.30E+07,,,,
sp|P47710|CASA1_HUMAN,SNPTAHENYEKNNVMLQW,,,,SNPTAHENYEKNNVMLQW,168,185,,PeptidesInHumanMilk,,,,,,,,2.50E+08,
sp|P47710|CASA1_HUMAN,NPTAHENYEKNNVM,,,,NPTAHENYEKNNVM,169,182,,PeptidesInHumanMilk,,,,,,,,,
sp|P47710|CASA1_HUMAN,NPTAHENYEKNNVML,,,,NPTAHENYEKNNVML,169,183,,PeptidesInHumanMilk,,7.30E+06,,,,1.80E+07,,1.20E+08,
sp|P47710|CASA1_HUMAN,NNVMLQW,,,,NNVMLQW,179,185,,PeptidesInHumanMilk,,,,,,7.20E+06,4.50E+06,,
sp|P05814|CASB_HUMAN,RETIESL,,,,RETIESL,16,22,,PeptidesInHumanMilk,,,,,,,,4.80E+08,
sp|P05814|CASB_HUMAN,RETIESLSS,,,,RETIESLSS,16,24,,PeptidesInHumanMilk,,,,,,1.50E+07,5.20E+07,,
sp|P05814|CASB_HUMAN,RETIESLSSSE,,,,RETIESLSSSE,16,26,,PeptidesInHumanMilk,,,5.50E+06,,,2.50E+06,7.60E+06,2.10E+06,
sp|P05814|CASB_HUMAN,RETIESLSSSEE,,,,RETIESLSSSEE,16,27,,PeptidesInHumanMilk,,1.20E+07,1.80E+07,1.20E+07,1.60E+06,2.00E+07,1.80E+07,1.10E+07,
sp|P05814|CASB_HUMAN,RETIESLSSSEES,,,,RETIESLSSSEES,16,28,,PeptidesInHumanMilk,,,7.70E+06,2.80E+06,,1.40E+06,9.40E+06,,
sp|P05814|CASB_HUMAN,RETIESLSSSEESI,,,,RETIESLSSSEESI,16,29,,PeptidesInHumanMilk,,,5.80E+06,,,,7.00E+06,,
sp|P05814|CASB_HUMAN,RETIESLSSSEESITE,,,,RETIESLSSSEESITE,16,31,,PeptidesInHumanMilk,,3.30E+07,6.10E+07,4.60E+07,9.60E+06,4.70E+07,1.20E+08,6.40E+07,
sp|P05814|CASB_HUMAN,RETIESLSSSEESITEY,,,,RETIESLSSSEESITEY,16,32,,PeptidesInHumanMilk,,2.90E+08,5.70E+08,2.10E+08,1.00E+08,4.30E+08,2.90E+08,3.80E+08,1.90E+01
sp|P05814|CASB_HUMAN,RETIESLSSSEESITEYK,,,,RETIESLSSSEESITEYK,16,33,,PeptidesInHumanMilk,,4.00E+10,7.70E+10,4.10E+10,2.70E+10,6.80E+10,5.80E+10,2.00E+10,3.00E+00
sp|P05814|CASB_HUMAN,RETIESLSSSEESITEYKQ,,,,RETIESLSSSEESITEYKQ,16,34,,PeptidesInHumanMilk,,2.40E+08,2.20E+08,1.60E+08,2.10E+08,4.30E+08,2.40E+08,1.00E+08,2.80E+01
sp|P05814|CASB_HUMAN,RETIESLSSSEESITEYKQK,,,,RETIESLSSSEESITEYKQK,16,35,,PeptidesInHumanMilk,,7.10E+09,7.90E+09,5.00E+09,4.20E+09,1.00E+10,8.00E+09,3.30E+09,4.70E+01
sp|P05814|CASB_HUMAN,RETIESLSSSEESITEYKQKV,,,,RETIESLSSSEESITEYKQKV,16,36,,PeptidesInHumanMilk,,,,3.30E+06,3.10E+07,4.60E+06,,1.90E+08,3.70E+01
sp|P05814|CASB_HUMAN,RETIESLSSSEESITEYKQKVE,,,,RETIESLSSSEESITEYKQKVE,16,37,,PeptidesInHumanMilk,,9.20E+08,8.00E+08,3.80E+08,6.30E+08,3.20E+08,2.30E+08,2.70E+08,1.00E+00
sp|P05814|CASB_HUMAN,RETIESLSSSEESITEYKQKVEK,,,,RETIESLSSSEESITEYKQKVEK,16,38,,PeptidesInHumanMilk,,1.00E+11,5.60E+10,6.90E+10,6.30E+10,1.60E+11,1.10E+11,4.90E+10,4.80E+01
sp|P05814|CASB_HUMAN,RETIESLSSSEESITEYKQKVEKV,,,,RETIESLSSSEESITEYKQKVEKV,16,39,,PeptidesInHumanMilk,,2.20E+07,,1.90E+08,1.50E+08,6.20E+07,,2.40E+09,1.60E+01
sp|P05814|CASB_HUMAN,RETIESLSSSEESITEYKQKVEKVK,,,,RETIESLSSSEESITEYKQKVEKVK,16,40,,PeptidesInHumanMilk,,1.10E+09,1.10E+09,9.80E+08,7.50E+08,1.80E+09,1.30E+09,6.90E+08,7.30E+01
sp|P05814|CASB_HUMAN,RETIESLSSSEESITEYKQKVEKVKH,,,,RETIESLSSSEESITEYKQKVEKVKH,16,41,,PeptidesInHumanMilk,,,2.50E+07,,,,2.40E+07,2.50E+08,
sp|P05814|CASB_HUMAN,RETIESLSSSEESITEYKQKVEKVKHE,,,,RETIESLSSSEESITEYKQKVEKVKHE,16,42,,PeptidesInHumanMilk,,6.70E+07,,,,,4.70E+07,4.80E+07,1.70E+01
sp|P05814|CASB_HUMAN,RETIESLSSSEESITEYKQKVEKVKHED,,,,RETIESLSSSEESITEYKQKVEKVKHED,16,43,,PeptidesInHumanMilk,,3.40E+07,,,1.20E+07,,,,
sp|P05814|CASB_HUMAN,RETIESLSSSEESITEYKQKVEKVKHEDQQQG,,,,RETIESLSSSEESITEYKQKVEKVKHEDQQQG,16,47,,PeptidesInHumanMilk,,1.30E+09,,1.30E+09,2.40E+09,1.40E+09,1.30E+08,6.60E+08,1.10E+01
sp|P05814|CASB_HUMAN,RETIESLSSSEESITEYKQKVEKVKHEDQQQGE,,,,RETIESLSSSEESITEYKQKVEKVKHEDQQQGE,16,48,,PeptidesInHumanMilk,,,,1.40E+07,,,,,
sp|P05814|CASB_HUMAN,RETIESLSSSEESITEYKQKVEKVKHEDQQQGEDEH,,,,RETIESLSSSEESITEYKQKVEKVKHEDQQQGEDEH,16,51,,PeptidesInHumanMilk,,,,2.30E+07,,,,,
sp|P05814|CASB_HUMAN,RETIESLSSSEESITEYKQKVEKVKHEDQQQGEDEHQ,,,,RETIESLSSSEESITEYKQKVEKVKHEDQQQGEDEHQ,16,52,,PeptidesInHumanMilk,,,,3.70E+08,1.80E+08,,,3.90E+08,2.10E+01
sp|P05814|CASB_HUMAN,RETIESLSSSEESITEYKQKVEKVKHEDQQQGEDEHQD,,,,RETIESLSSSEESITEYKQKVEKVKHEDQQQGEDEHQD,16,53,,PeptidesInHumanMilk,,4.10E+08,2.00E+08,8.70E+05,5.30E+07,1.60E+09,1.80E+09,7.70E+07,1.50E+01
sp|P05814|CASB_HUMAN,RETIESLSSSEESITEYKQKVEKVKHEDQQQGEDEHQDK,,,,RETIESLSSSEESITEYKQKVEKVKHEDQQQGEDEHQDK,16,54,,PeptidesInHumanMilk,,2.10E+10,3.50E+10,2.10E+10,1.70E+10,4.70E+10,3.10E+10,1.00E+10,5.20E+01
sp|P05814|CASB_HUMAN,RETIESLSSSEESITEYKQKVEKVKHEDQQQGEDEHQDKIY,,,,RETIESLSSSEESITEYKQKVEKVKHEDQQQGEDEHQDKIY,16,56,,PeptidesInHumanMilk,,,,,7.30E+07,,,,1.00E+00
sp|P05814|CASB_HUMAN,RETIESLSSSEESITEYKQKVEKVKHEDQQQGEDEHQDKIYP,,,,RETIESLSSSEESITEYKQKVEKVKHEDQQQGEDEHQDKIYP,16,57,,PeptidesInHumanMilk,,1.70E+09,8.20E+08,2.00E+09,2.20E+09,6.20E+09,1.10E+09,1.30E+09,2.60E+01
sp|P05814|CASB_HUMAN,ETIESLSSSE,,,,ETIESLSSSE,17,26,,PeptidesInHumanMilk,,,6.80E+06,,,,1.70E+07,2.50E+06,
sp|P05814|CASB_HUMAN,ETIESLSSSEE,,,,ETIESLSSSEE,17,27,,PeptidesInHumanMilk,,5.40E+06,,3.40E+06,,9.60E+06,,5.30E+06,
sp|P05814|CASB_HUMAN,ETIESLSSSEESI,,,,ETIESLSSSEESI,17,29,,PeptidesInHumanMilk,,,,,,,1.50E+07,,
sp|P05814|CASB_HUMAN,ETIESLSSSEESITE,,,,ETIESLSSSEESITE,17,31,,PeptidesInHumanMilk,,1.20E+09,8.00E+08,9.40E+08,3.10E+08,1.80E+09,9.30E+08,1.70E+07,2.90E+01
sp|P05814|CASB_HUMAN,ETIESLSSSEESITEY,,,,ETIESLSSSEESITEY,17,32,,PeptidesInHumanMilk,,,,4.20E+07,,,1.00E+08,2.70E+07,
sp|P05814|CASB_HUMAN,ETIESLSSSEESITEYK,,,,ETIESLSSSEESITEYK,17,33,,PeptidesInHumanMilk,,8.30E+10,1.10E+11,5.10E+10,3.80E+10,1.30E+11,1.20E+11,1.70E+10,5.40E+01
sp|P05814|CASB_HUMAN,ETIESLSSSEESITEYKQ,,,,ETIESLSSSEESITEYKQ,17,34,,PeptidesInHumanMilk,,2.20E+08,2.70E+08,1.50E+08,1.40E+08,4.90E+08,3.70E+08,8.90E+07,3.30E+01
sp|P05814|CASB_HUMAN,ETIESLSSSEESITEYKQK,,,,ETIESLSSSEESITEYKQK,17,35,,PeptidesInHumanMilk,,3.30E+09,6.00E+09,2.80E+09,5.30E+08,8.10E+09,7.20E+09,7.90E+08,9.30E+01
sp|P05814|CASB_HUMAN,ETIESLSSSEESITEYKQKV,,,,ETIESLSSSEESITEYKQKV,17,36,,PeptidesInHumanMilk,,,,,,1.50E+07,,,
sp|P05814|CASB_HUMAN,ETIESLSSSEESITEYKQKVE,,,,ETIESLSSSEESITEYKQKVE,17,37,,PeptidesInHumanMilk,,1.30E+08,3.80E+06,,1.80E+08,3.00E+08,4.80E+08,2.40E+07,3.40E+01
sp|P05814|CASB_HUMAN,ETIESLSSSEESITEYKQKVEK,,,,ETIESLSSSEESITEYKQKVEK,17,38,,PeptidesInHumanMilk,,1.50E+10,3.90E+10,1.20E+10,8.30E+09,2.60E+10,4.90E+10,4.70E+09,1.40E+01
sp|P05814|CASB_HUMAN,ETIESLSSSEESITEYKQKVEKV,,,,ETIESLSSSEESITEYKQKVEKV,17,39,,PeptidesInHumanMilk,,,,7.20E+06,1.30E+07,,,,1.60E+01
sp|P05814|CASB_HUMAN,ETIESLSSSEESITEYKQKVEKVK,,,,ETIESLSSSEESITEYKQKVEKVK,17,40,,PeptidesInHumanMilk,,8.40E+07,1.00E+08,2.30E+07,3.50E+07,1.50E+08,1.20E+08,1.50E+07,4.90E+01
sp|P05814|CASB_HUMAN,ETIESLSSSEESITEYKQKVEKVKHEDQQQG,,,,ETIESLSSSEESITEYKQKVEKVKHEDQQQG,17,47,,PeptidesInHumanMilk,,,6.00E+07,,,3.20E+07,,1.00E+08,
sp|P05814|CASB_HUMAN,ETIESLSSSEESITEYKQKVEKVKHEDQQQGEDEHQDK,,,,ETIESLSSSEESITEYKQKVEKVKHEDQQQGEDEHQDK,17,54,,PeptidesInHumanMilk,,,,,,,5.30E+08,,
sp|P05814|CASB_HUMAN,TIESLSSSEESITE,,,,TIESLSSSEESITE,18,31,,PeptidesInHumanMilk,,7.30E+07,4.20E+07,7.40E+07,2.10E+07,,7.20E+07,,2.20E+01
sp|P05814|CASB_HUMAN,TIESLSSSEESITEYK,,,,TIESLSSSEESITEYK,18,33,,PeptidesInHumanMilk,,2.90E+09,3.40E+09,1.70E+09,1.60E+09,4.60E+09,4.30E+09,7.00E+08,2.50E+01
sp|P05814|CASB_HUMAN,TIESLSSSEESITEYKQK,,,,TIESLSSSEESITEYKQK,18,35,,PeptidesInHumanMilk,,1.60E+06,4.80E+07,,,4.10E+07,1.00E+08,,
sp|P05814|CASB_HUMAN,TIESLSSSEESITEYKQKVEK,,,,TIESLSSSEESITEYKQKVEK,18,38,,PeptidesInHumanMilk,,3.90E+07,5.10E+08,6.30E+07,1.20E+08,2.40E+08,8.40E+08,2.00E+07,2.50E+01
sp|P05814|CASB_HUMAN,IESLSSSEESITE,,,,IESLSSSEESITE,19,31,,PeptidesInHumanMilk,,,,2.00E+07,4.60E+06,2.80E+07,,1.40E+07,5.10E+01
sp|P05814|CASB_HUMAN,IESLSSSEESITEYK,,,,IESLSSSEESITEYK,19,33,,PeptidesInHumanMilk,,6.10E+08,5.30E+08,4.50E+08,3.20E+08,8.40E+08,6.30E+08,3.90E+08,3.90E+01
sp|P05814|CASB_HUMAN,IESLSSSEESITEYKQKVEK,,,,IESLSSSEESITEYKQKVEK,19,38,,PeptidesInHumanMilk,,1.20E+09,2.00E+08,6.30E+07,5.40E+08,1.70E+09,1.20E+09,6.10E+08,7.10E+01
sp|P05814|CASB_HUMAN,IESLSSSEESITEYKQKVEKV,,,,IESLSSSEESITEYKQKVEKV,19,39,,PeptidesInHumanMilk,,,,,,,,4.10E+07,
sp|P05814|CASB_HUMAN,ESLSSSEESITE,,,,ESLSSSEESITE,20,31,,PeptidesInHumanMilk,,7.60E+07,4.10E+07,5.80E+07,1.80E+07,1.20E+08,6.60E+07,4.90E+07,2.20E+01
sp|P05814|CASB_HUMAN,ESLSSSEESITEYK,,,,ESLSSSEESITEYK,20,33,,PeptidesInHumanMilk,,1.10E+09,1.60E+09,8.70E+08,4.40E+08,1.80E+09,1.90E+09,5.90E+08,5.90E+01
sp|P05814|CASB_HUMAN,ESLSSSEESITEYKQ,,,,ESLSSSEESITEYKQ,20,34,,PeptidesInHumanMilk,,,,,,2.00E+06,3.00E+06,,
sp|P05814|CASB_HUMAN,ESLSSSEESITEYKQK,,,,ESLSSSEESITEYKQK,20,35,,PeptidesInHumanMilk,,,,,,,2.50E+06,,
sp|P05814|CASB_HUMAN,ESLSSSEESITEYKQKVEK,,,,ESLSSSEESITEYKQKVEK,20,38,,PeptidesInHumanMilk,,,1.30E+07,,1.80E+07,2.00E+07,1.30E+08,,3.60E+01
sp|P05814|CASB_HUMAN,SLSSSEESITE,,,,SLSSSEESITE,21,31,,PeptidesInHumanMilk,,6.30E+07,5.10E+07,6.30E+07,3.60E+07,4.10E+07,7.40E+07,5.90E+07,4.20E+01
sp|P05814|CASB_HUMAN,SLSSSEESITEY,,,,SLSSSEESITEY,21,32,,PeptidesInHumanMilk,,5.30E+06,2.00E+07,,,,6.80E+07,1.90E+07,
sp|P05814|CASB_HUMAN,SLSSSEESITEYK,,,,SLSSSEESITEYK,21,33,,PeptidesInHumanMilk,,3.30E+09,4.70E+09,2.40E+09,2.00E+09,5.30E+09,5.90E+09,1.10E+09,2.40E+01
sp|P05814|CASB_HUMAN,SLSSSEESITEYKQ,,,,SLSSSEESITEYKQ,21,34,,PeptidesInHumanMilk,,,,,7.30E+06,1.30E+07,1.00E+07,,1.20E+01
sp|P05814|CASB_HUMAN,SLSSSEESITEYKQK,,,,SLSSSEESITEYKQK,21,35,,PeptidesInHumanMilk,,4.90E+07,4.90E+07,,,,3.90E+06,6.80E+06,3.10E+01
sp|P05814|CASB_HUMAN,SLSSSEESITEYKQKV,,,,SLSSSEESITEYKQKV,21,36,,PeptidesInHumanMilk,,,,,,2.60E+06,,,
sp|P05814|CASB_HUMAN,SLSSSEESITEYKQKVE,,,,SLSSSEESITEYKQKVE,21,37,,PeptidesInHumanMilk,,1.10E+07,,,1.10E+07,,1.80E+07,,3.80E+01
sp|P05814|CASB_HUMAN,SLSSSEESITEYKQKVEK,,,,SLSSSEESITEYKQKVEK,21,38,,PeptidesInHumanMilk,,2.50E+09,1.10E+09,2.00E+09,2.50E+09,4.50E+09,3.90E+09,1.80E+08,3.30E+01
sp|P05814|CASB_HUMAN,SLSSSEESITEYKQKVEKVKHEDQQQGEDEHQDK,,,,SLSSSEESITEYKQKVEKVKHEDQQQGEDEHQDK,21,54,,PeptidesInHumanMilk,,,,,,1.90E+07,,3.50E+08,9.90E+01
sp|P05814|CASB_HUMAN,LSSSEESITEYK,,,,LSSSEESITEYK,22,33,,PeptidesInHumanMilk,,5.80E+08,6.70E+08,4.10E+08,4.40E+08,8.50E+08,8.60E+08,4.60E+08,5.70E+01
sp|P05814|CASB_HUMAN,LSSSEESITEYKQK,,,,LSSSEESITEYKQK,22,35,,PeptidesInHumanMilk,,,,1.10E+07,1.20E+07,,1.60E+07,1.30E+07,
sp|P05814|CASB_HUMAN,LSSSEESITEYKQKVE,,,,LSSSEESITEYKQKVE,22,37,,PeptidesInHumanMilk,,3.80E+07,2.10E+07,,,4.00E+07,,,4.40E+01
sp|P05814|CASB_HUMAN,LSSSEESITEYKQKVEK,,,,LSSSEESITEYKQKVEK,22,38,,PeptidesInHumanMilk,,,,,9.50E+08,4.70E+07,1.20E+09,5.90E+08,1.30E+01
sp|P05814|CASB_HUMAN,LSSSEESITEYKQKVEKV,,,,LSSSEESITEYKQKVEKV,22,39,,PeptidesInHumanMilk,,,,,,,,1.60E+07,
sp|P05814|CASB_HUMAN,LSSSEESITEYKQKVEKVK,,,,LSSSEESITEYKQKVEKVK,22,40,,PeptidesInHumanMilk,,1.90E+07,1.80E+07,1.40E+07,,2.90E+07,2.50E+07,1.30E+07,2.30E+01
sp|P05814|CASB_HUMAN,LSSSEESITEYKQKVEKVKHEDQQQGEDEHQD,,,,LSSSEESITEYKQKVEKVKHEDQQQGEDEHQD,22,53,,PeptidesInHumanMilk,,,,,,,2.90E+07,,
sp|P05814|CASB_HUMAN,SSSEESITE,,,,SSSEESITE,23,31,,PeptidesInHumanMilk,,9.00E+06,,6.80E+06,,1.90E+07,,,
sp|P05814|CASB_HUMAN,SSSEESITEY,,,,SSSEESITEY,23,32,,PeptidesInHumanMilk,,8.80E+06,,,,,,9.20E+06,
sp|P05814|CASB_HUMAN,SSSEESITEYK,,,,SSSEESITEYK,23,33,,PeptidesInHumanMilk,,6.80E+09,1.10E+10,1.90E+09,5.00E+09,9.50E+09,1.30E+10,1.40E+09,8.80E+01
sp|P05814|CASB_HUMAN,SSSEESITEYKQ,,,,SSSEESITEYKQ,23,34,,PeptidesInHumanMilk,,5.90E+06,7.20E+06,,3.90E+07,9.90E+06,,4.20E+06,7.60E+01
sp|P05814|CASB_HUMAN,SSSEESITEYKQK,,,,SSSEESITEYKQK,23,35,,PeptidesInHumanMilk,,,,,,,,,1.90E+01
sp|P05814|CASB_HUMAN,SSSEESITEYKQKV,,,,SSSEESITEYKQKV,23,36,,PeptidesInHumanMilk,,2.50E+07,4.50E+07,,,,6.80E+07,2.70E+06,
sp|P05814|CASB_HUMAN,SSSEESITEYKQKVE,,,,SSSEESITEYKQKVE,23,37,,PeptidesInHumanMilk,,2.80E+07,2.80E+07,,,,7.90E+07,,
sp|P05814|CASB_HUMAN,SSSEESITEYKQKVEK,,,,SSSEESITEYKQKVEK,23,38,,PeptidesInHumanMilk,,6.80E+07,8.50E+08,2.60E+07,1.10E+07,1.00E+08,1.10E+09,8.60E+07,2.00E+00
sp|P05814|CASB_HUMAN,SSSEESITEYKQKVEKV,,,,SSSEESITEYKQKVEKV,23,39,,PeptidesInHumanMilk,,,,,,,,2.60E+08,
sp|P05814|CASB_HUMAN,SSEESITE,,,,SSEESITE,24,31,,PeptidesInHumanMilk,,3.50E+07,5.20E+07,,,,5.30E+07,1.80E+07,5.20E+01
sp|P05814|CASB_HUMAN,SSEESITEY,,,,SSEESITEY,24,32,,PeptidesInHumanMilk,,,3.80E+07,,7.20E+06,,5.00E+07,,
sp|P05814|CASB_HUMAN,SSEESITEYK,,,,SSEESITEYK,24,33,,PeptidesInHumanMilk,,4.60E+08,1.30E+10,2.30E+09,2.00E+09,5.70E+09,1.30E+10,1.30E+09,3.70E+01
sp|P05814|CASB_HUMAN,SSEESITEYKQ,,,,SSEESITEYKQ,24,34,,PeptidesInHumanMilk,,,2.10E+07,4.20E+06,,,3.50E+07,,7.20E+01
sp|P05814|CASB_HUMAN,SSEESITEYKQK,,,,SSEESITEYKQK,24,35,,PeptidesInHumanMilk,,,1.20E+08,,,,,1.60E+07,
sp|P05814|CASB_HUMAN,SSEESITEYKQKV,,,,SSEESITEYKQKV,24,36,,PeptidesInHumanMilk,,,1.20E+07,,,9.70E+06,,,
sp|P05814|CASB_HUMAN,SSEESITEYKQKVEK,,,,SSEESITEYKQKVEK,24,38,,PeptidesInHumanMilk,,1.90E+07,2.50E+07,9.90E+06,2.10E+06,1.20E+07,2.80E+07,7.00E+06,2.20E+01
sp|P05814|CASB_HUMAN,SEESITEY,,,,SEESITEY,25,32,,PeptidesInHumanMilk,,,,,,,5.70E+07,,
sp|P05814|CASB_HUMAN,SEESITEYK,,,,SEESITEYK,25,33,,PeptidesInHumanMilk,,1.20E+09,8.20E+09,1.10E+09,8.30E+08,2.30E+09,9.60E+09,1.40E+08,1.40E+01
sp|P05814|CASB_HUMAN,SEESITEYKQ,,,,SEESITEYKQ,25,34,,PeptidesInHumanMilk,,,,,,,2.90E+07,,4.10E+01
sp|P05814|CASB_HUMAN,SEESITEYKQK,,,,SEESITEYKQK,25,35,,PeptidesInHumanMilk,,,8.60E+07,6.80E+06,4.60E+06,4.20E+06,3.30E+07,,8.10E+01
sp|P05814|CASB_HUMAN,SEESITEYKQKV,,,,SEESITEYKQKV,25,36,,PeptidesInHumanMilk,,1.50E+07,,1.60E+07,6.80E+06,2.20E+07,3.90E+07,3.40E+07,
sp|P05814|CASB_HUMAN,SEESITEYKQKVE,,,,SEESITEYKQKVE,25,37,,PeptidesInHumanMilk,,,1.10E+07,,,,1.70E+07,,
sp|P05814|CASB_HUMAN,SEESITEYKQKVEK,,,,SEESITEYKQKVEK,25,38,,PeptidesInHumanMilk,,1.40E+06,1.90E+07,,,,1.90E+07,4.90E+06,
sp|P05814|CASB_HUMAN,EESITEYK,,,,EESITEYK,26,33,,PeptidesInHumanMilk,,3.10E+08,4.90E+08,2.70E+08,1.00E+08,1.60E+08,2.20E+08,5.00E+08,1.50E+01
sp|P05814|CASB_HUMAN,EESITEYKQKV,,,,EESITEYKQKV,26,36,,PeptidesInHumanMilk,,,2.30E+07,8.70E+06,4.70E+06,1.70E+07,3.60E+07,1.60E+08,
sp|P05814|CASB_HUMAN,EESITEYKQKVEK,,,,EESITEYKQKVEK,26,38,,PeptidesInHumanMilk,,4.60E+06,1.80E+07,2.90E+06,,1.20E+07,2.00E+07,1.50E+06,7.80E+01
sp|P05814|CASB_HUMAN,ESITEYKQKVEK,,,,ESITEYKQKVEK,27,38,,PeptidesInHumanMilk,,8.20E+06,,1.10E+07,2.90E+06,1.40E+07,2.50E+07,2.90E+06,2.80E+01
sp|P05814|CASB_HUMAN,SITEYKQKVEKVKHEDQQQGEDEHQD,,,,SITEYKQKVEKVKHEDQQQGEDEHQD,28,53,,PeptidesInHumanMilk,,,,,,8.50E+05,,,
sp|P05814|CASB_HUMAN,ITEYKQKVEKVKHEDQQQGEDEHQD,,,,ITEYKQKVEKVKHEDQQQGEDEHQD,29,53,,PeptidesInHumanMilk,,2.60E+06,,,,,,,
sp|P05814|CASB_HUMAN,TEYKQKVEKVKHEDQQQGEDEHQD,,,,TEYKQKVEKVKHEDQQQGEDEHQD,30,53,,PeptidesInHumanMilk,,8.90E+05,,1.90E+06,1.80E+06,,,,3.10E+01
sp|P05814|CASB_HUMAN,YKQKVEKVKHEDQQQGEDEHQDKIYP,,,,YKQKVEKVKHEDQQQGEDEHQDKIYP,32,57,,PeptidesInHumanMilk,,,,,,,,,1.00E+00
sp|P05814|CASB_HUMAN,KQKVEKVKHEDQQQGEDEHQDKIYP,,,,KQKVEKVKHEDQQQGEDEHQDKIYP,33,57,,PeptidesInHumanMilk,,,,,1.60E+07,,,9.50E+07,2.40E+01
sp|P05814|CASB_HUMAN,KQKVEKVKHEDQQQGEDEHQDKIYPS,,,,KQKVEKVKHEDQQQGEDEHQDKIYPS,33,58,,PeptidesInHumanMilk,,,3.40E+06,1.30E+07,,,,2.20E+08,4.00E+00
sp|P05814|CASB_HUMAN,QKVEKVKHEDQQQGEDEHQDK,,,,QKVEKVKHEDQQQGEDEHQDK,34,54,,PeptidesInHumanMilk,,,2.00E+07,1.60E+07,1.20E+07,7.60E+07,2.10E+07,1.40E+07,2.30E+01
sp|P05814|CASB_HUMAN,QKVEKVKHEDQQQGEDEHQDKIYP,,,,QKVEKVKHEDQQQGEDEHQDKIYP,34,57,,PeptidesInHumanMilk,,3.90E+08,1.90E+08,2.60E+08,1.20E+09,4.90E+08,2.00E+08,2.10E+08,1.70E+01
sp|P05814|CASB_HUMAN,QKVEKVKHEDQQQGEDEHQDKIYPS,,,,QKVEKVKHEDQQQGEDEHQDKIYPS,34,58,,PeptidesInHumanMilk,,3.40E+07,,6.90E+07,4.10E+07,,,4.20E+07,2.70E+01
sp|P05814|CASB_HUMAN,KVEKVKHEDQQQGEDEHQDKIYP,,,,KVEKVKHEDQQQGEDEHQDKIYP,35,57,,PeptidesInHumanMilk,,3.90E+07,3.50E+07,1.70E+07,2.10E+08,7.10E+07,4.00E+07,1.80E+07,3.50E+01
sp|P05814|CASB_HUMAN,KVEKVKHEDQQQGEDEHQDKIYPS,,,,KVEKVKHEDQQQGEDEHQDKIYPS,35,58,,PeptidesInHumanMilk,,2.50E+07,1.20E+06,8.40E+06,3.30E+07,2.80E+07,3.30E+07,1.60E+07,4.50E+01
sp|P05814|CASB_HUMAN,VEKVKHEDQQQGEDEHQDK,,,,VEKVKHEDQQQGEDEHQDK,36,54,,PeptidesInHumanMilk,,,3.30E+06,4.10E+06,2.70E+06,8.90E+06,4.60E+06,,3.30E+01
sp|P05814|CASB_HUMAN,VEKVKHEDQQQGEDEHQDKIYP,,,,VEKVKHEDQQQGEDEHQDKIYP,36,57,,PeptidesInHumanMilk,,4.20E+07,4.40E+07,,3.00E+08,5.60E+07,2.80E+07,4.90E+07,5.00E+00
sp|P05814|CASB_HUMAN,VEKVKHEDQQQGEDEHQDKIYPS,,,,VEKVKHEDQQQGEDEHQDKIYPS,36,58,,PeptidesInHumanMilk,,2.60E+07,2.80E+07,1.50E+07,2.80E+07,9.70E+06,1.60E+07,2.80E+07,4.60E+01
sp|P05814|CASB_HUMAN,EKVKHEDQQQGEDEHQDKIYP,,,,EKVKHEDQQQGEDEHQDKIYP,37,57,,PeptidesInHumanMilk,,,,,,,,,2.80E+01
sp|P05814|CASB_HUMAN,KVKHEDQQQGEDEHQDKIYP,,,,KVKHEDQQQGEDEHQDKIYP,38,57,,PeptidesInHumanMilk,,,,,5.40E+06,,,,7.50E+01
sp|P05814|CASB_HUMAN,KVKHEDQQQGEDEHQDKIYPS,,,,KVKHEDQQQGEDEHQDKIYPS,38,58,,PeptidesInHumanMilk,,2.40E+06,,,,,,5.30E+06,2.90E+01
sp|P05814|CASB_HUMAN,VKHEDQQQGEDEHQDK,,,,VKHEDQQQGEDEHQDK,39,54,,PeptidesInHumanMilk,,,,6.80E+06,,2.30E+06,,4.50E+06,1.30E+01
sp|P05814|CASB_HUMAN,VKHEDQQQGEDEHQDKIYP,,,,VKHEDQQQGEDEHQDKIYP,39,57,,PeptidesInHumanMilk,,1.90E+08,1.70E+07,9.80E+07,2.30E+08,2.60E+07,1.30E+07,2.10E+08,4.50E+01
sp|P05814|CASB_HUMAN,VKHEDQQQGEDEHQDKIYPS,,,,VKHEDQQQGEDEHQDKIYPS,39,58,,PeptidesInHumanMilk,,2.60E+07,1.10E+07,1.40E+07,1.40E+07,1.30E+07,9.00E+06,5.70E+07,1.60E+01
sp|P05814|CASB_HUMAN,VKHEDQQQGEDEHQDKIYPSF,,,,VKHEDQQQGEDEHQDKIYPSF,39,59,,PeptidesInHumanMilk,,,,,5.00E+07,7.70E+07,1.50E+08,3.30E+06,5.70E+01
sp|P05814|CASB_HUMAN,VKHEDQQQGEDEHQDKIYPSFQPQP,,,,VKHEDQQQGEDEHQDKIYPSFQPQP,39,63,,PeptidesInHumanMilk,,8.30E+07,,3.40E+07,,,4.10E+08,3.50E+07,
sp|P05814|CASB_HUMAN,HEDQQQGEDEHQDKIYP,,,,HEDQQQGEDEHQDKIYP,41,57,,PeptidesInHumanMilk,,,1.20E+07,,8.00E+07,,6.40E+06,3.10E+07,1.10E+01
sp|P05814|CASB_HUMAN,HEDQQQGEDEHQDKIYPS,,,,HEDQQQGEDEHQDKIYPS,41,58,,PeptidesInHumanMilk,,1.00E+07,,5.50E+06,4.40E+06,2.70E+06,1.80E+06,4.90E+07,7.10E+01
sp|P05814|CASB_HUMAN,HEDQQQGEDEHQDKIYPSFQPQP,,,,HEDQQQGEDEHQDKIYPSFQPQP,41,63,,PeptidesInHumanMilk,,,,,1.20E+07,,,,
sp|P05814|CASB_HUMAN,EDQQQGEDEHQDKIYPS,,,,EDQQQGEDEHQDKIYPS,42,58,,PeptidesInHumanMilk,,1.40E+07,1.50E+07,7.90E+06,1.30E+07,9.30E+05,9.90E+06,2.90E+07,1.80E+01
sp|P05814|CASB_HUMAN,EDQQQGEDEHQDKIYPSFQPQP,,,,EDQQQGEDEHQDKIYPSFQPQP,42,63,,PeptidesInHumanMilk,,,,,,,,5.20E+07,
sp|P05814|CASB_HUMAN,DQQQGEDEHQDKIYP,,,,DQQQGEDEHQDKIYP,43,57,,PeptidesInHumanMilk,,5.80E+07,2.40E+07,,1.20E+07,9.60E+07,4.10E+07,,2.80E+01
sp|P05814|CASB_HUMAN,DQQQGEDEHQDKIYPS,,,,DQQQGEDEHQDKIYPS,43,58,,PeptidesInHumanMilk,,7.70E+07,5.60E+06,3.20E+07,6.30E+07,1.10E+08,5.40E+07,5.90E+07,8.60E+01
sp|P05814|CASB_HUMAN,QDKIYPSFQPQPL,,,,QDKIYPSFQPQPL,52,64,,PeptidesInHumanMilk,,,,,,,,8.20E+07,
sp|P05814|CASB_HUMAN,DKIYPSFQPQPL,,,,DKIYPSFQPQPL,53,64,,PeptidesInHumanMilk,,,,,,,,1.00E+07,
sp|P05814|CASB_HUMAN,IYPSFQPQPLI,,,,IYPSFQPQPLI,55,65,,PeptidesInHumanMilk,,,,,7.10E+06,,5.20E+06,,1.10E+01
sp|P05814|CASB_HUMAN,IYPSFQPQPLIYPFVEPIPYGFLPQNILPLAQPAVVLPVPQPEIMEVPK,,,,IYPSFQPQPLIYPFVEPIPYGFLPQNILPLAQPAVVLPVPQPEIMEVPK,55,103,,PeptidesInHumanMilk,,1.50E+08,8.90E+07,6.70E+07,1.10E+08,,1.90E+08,1.80E+07,
sp|P05814|CASB_HUMAN,YPSFQPQPLIYPFVEPIPYGFLPQNILPLAQPAVVLPVPQPEIMEVPK,,,,YPSFQPQPLIYPFVEPIPYGFLPQNILPLAQPAVVLPVPQPEIMEVPK,56,103,,PeptidesInHumanMilk,,2.30E+07,5.90E+07,2.10E+07,,,1.60E+08,,3.50E+01
sp|P05814|CASB_HUMAN,SFQPQPLIYPFVEPIPYGFLPQNILPLAQPAVVLPVPQPEIMEVPK,,,,SFQPQPLIYPFVEPIPYGFLPQNILPLAQPAVVLPVPQPEIMEVPK,58,103,,PeptidesInHumanMilk,,,,,,,9.70E+06,,
sp|P05814|CASB_HUMAN,YPFVEPIPYGFLPQNILPLAQPAVVLPVPQPEIMEVPK,,,,YPFVEPIPYGFLPQNILPLAQPAVVLPVPQPEIMEVPK,66,103,,PeptidesInHumanMilk,,,,,,,3.30E+07,,
sp|P05814|CASB_HUMAN,PYGFLPQNILPLAQPAVVLPVPQPEIMEVPKAKDTVYTK,,,,PYGFLPQNILPLAQPAVVLPVPQPEIMEVPKAKDTVYTK,73,111,,PeptidesInHumanMilk,,4.60E+06,,,,,1.20E+06,,
sp|P05814|CASB_HUMAN,GFLPQNILPLAQPA,,,,GFLPQNILPLAQPA,75,88,,PeptidesInHumanMilk,,,,,,,,7.90E+07,
sp|P05814|CASB_HUMAN,GFLPQNILPLAQPAVVLPVPQPEIMEVPK,,,,GFLPQNILPLAQPAVVLPVPQPEIMEVPK,75,103,,PeptidesInHumanMilk,,,,4.00E+07,4.20E+06,,,2.70E+07,
sp|P05814|CASB_HUMAN,GFLPQNILPLAQPAVVLPVPQPEIMEVPKAKDTVYT,,,,GFLPQNILPLAQPAVVLPVPQPEIMEVPKAKDTVYT,75,110,,PeptidesInHumanMilk,,,,,,,3.90E+07,,
sp|P05814|CASB_HUMAN,QNILPLAQPAVVLPVPQPEIMEVPK,,,,QNILPLAQPAVVLPVPQPEIMEVPK,79,103,,PeptidesInHumanMilk,,,,3.30E+06,,6.40E+06,1.00E+07,3.30E+06,
sp|P05814|CASB_HUMAN,NILPLAQPAVVLPVPQPEIMEVPK,,,,NILPLAQPAVVLPVPQPEIMEVPK,80,103,,PeptidesInHumanMilk,,,5.30E+06,3.60E+06,6.60E+06,8.90E+06,1.30E+07,,
sp|P05814|CASB_HUMAN,ILPLAQPAVVLPVPQPEIMEVPK,,,,ILPLAQPAVVLPVPQPEIMEVPK,81,103,,PeptidesInHumanMilk,,5.20E+06,5.40E+06,,9.60E+06,9.60E+06,1.40E+07,2.70E+06,1.00E+00
sp|P05814|CASB_HUMAN,ILPLAQPAVVLPVPQPEIMEVPKA,,,,ILPLAQPAVVLPVPQPEIMEVPKA,81,104,,PeptidesInHumanMilk,,,,,,,,,2.70E+01
sp|P05814|CASB_HUMAN,LPLAQPAVVLPVPQPEIMEVPKAKDTVYT,,,,LPLAQPAVVLPVPQPEIMEVPKAKDTVYT,82,110,,PeptidesInHumanMilk,,,,,,,2.50E+06,,
sp|P05814|CASB_HUMAN,PLAQPAVVLPVPQPEIMEVPK,,,,PLAQPAVVLPVPQPEIMEVPK,83,103,,PeptidesInHumanMilk,,,,,,,1.40E+06,,
sp|P05814|CASB_HUMAN,PLAQPAVVLPVPQPEIMEVPKAKDTVYTK,,,,PLAQPAVVLPVPQPEIMEVPKAKDTVYTK,83,111,,PeptidesInHumanMilk,,2.50E+05,7.10E+06,,1.30E+06,3.40E+06,,,9.10E+01
sp|P05814|CASB_HUMAN,LAQPAVVLPVPQPEIMEVPK,,,,LAQPAVVLPVPQPEIMEVPK,84,103,,PeptidesInHumanMilk,,6.60E+06,,3.20E+06,2.70E+07,6.20E+07,,,
sp|P05814|CASB_HUMAN,LAQPAVVLPVPQPEIMEVPKA,,,,LAQPAVVLPVPQPEIMEVPKA,84,104,,PeptidesInHumanMilk,,1.10E+07,5.90E+06,,1.40E+07,2.40E+07,1.70E+07,5.80E+06,2.20E+01
sp|P05814|CASB_HUMAN,LAQPAVVLPVPQPEIMEVPKAKD,,,,LAQPAVVLPVPQPEIMEVPKAKD,84,106,,PeptidesInHumanMilk,,,,,,,,,5.40E+01
sp|P05814|CASB_HUMAN,LAQPAVVLPVPQPEIMEVPKAKDT,,,,LAQPAVVLPVPQPEIMEVPKAKDT,84,107,,PeptidesInHumanMilk,,3.90E+07,3.10E+07,,4.90E+07,7.40E+07,5.30E+07,2.30E+07,8.40E+01
sp|P05814|CASB_HUMAN,LAQPAVVLPVPQPEIMEVPKAKDTV,,,,LAQPAVVLPVPQPEIMEVPKAKDTV,84,108,,PeptidesInHumanMilk,,1.30E+07,1.00E+07,,,2.20E+07,,,2.80E+01
sp|P05814|CASB_HUMAN,LAQPAVVLPVPQPEIMEVPKAKDTVYT,,,,LAQPAVVLPVPQPEIMEVPKAKDTVYT,84,110,,PeptidesInHumanMilk,,,,1.20E+07,,9.80E+07,9.30E+07,4.80E+06,3.60E+01
sp|P05814|CASB_HUMAN,LAQPAVVLPVPQPEIMEVPKAKDTVYTK,,,,LAQPAVVLPVPQPEIMEVPKAKDTVYTK,84,111,,PeptidesInHumanMilk,,,1.60E+08,,2.00E+08,5.30E+08,5.80E+08,8.20E+07,4.00E+00
sp|P05814|CASB_HUMAN,AQPAVVLPVPQPEIMEVPK,,,,AQPAVVLPVPQPEIMEVPK,85,103,,PeptidesInHumanMilk,,3.80E+07,,,,1.70E+08,1.40E+08,,1.40E+01
sp|P05814|CASB_HUMAN,AQPAVVLPVPQPEIMEVPKA,,,,AQPAVVLPVPQPEIMEVPKA,85,104,,PeptidesInHumanMilk,,7.30E+06,,2.50E+06,7.20E+06,,1.30E+07,,5.50E+01
sp|P05814|CASB_HUMAN,AQPAVVLPVPQPEIMEVPKAKDT,,,,AQPAVVLPVPQPEIMEVPKAKDT,85,107,,PeptidesInHumanMilk,,,,,8.00E+07,1.10E+08,,,1.50E+01
sp|P05814|CASB_HUMAN,AQPAVVLPVPQPEIMEVPKAKDTVYT,,,,AQPAVVLPVPQPEIMEVPKAKDTVYT,85,110,,PeptidesInHumanMilk,,,2.60E+07,,3.00E+08,,,,5.50E+01
sp|P05814|CASB_HUMAN,AQPAVVLPVPQPEIMEVPKAKDTVYTK,,,,AQPAVVLPVPQPEIMEVPKAKDTVYTK,85,111,,PeptidesInHumanMilk,,,2.80E+08,1.40E+08,,4.80E+08,9.30E+08,3.10E+08,5.00E+00
sp|P05814|CASB_HUMAN,AQPAVVLPVPQPEIMEVPKAKDTVYTKG,,,,AQPAVVLPVPQPEIMEVPKAKDTVYTKG,85,112,,PeptidesInHumanMilk,,5.30E+07,,,,1.30E+08,8.50E+07,,4.80E+01
sp|P05814|CASB_HUMAN,QPAVVLPVPQPEIME,,,,QPAVVLPVPQPEIME,86,100,,PeptidesInHumanMilk,,,1.10E+07,,1.60E+07,,3.90E+07,4.50E+06,2.50E+01
sp|P05814|CASB_HUMAN,QPAVVLPVPQPEIMEVPK,,,,QPAVVLPVPQPEIMEVPK,86,103,,PeptidesInHumanMilk,,,9.30E+07,3.20E+07,1.40E+08,2.90E+08,5.40E+08,6.90E+07,2.30E+01
sp|P05814|CASB_HUMAN,QPAVVLPVPQPEIMEVPKA,,,,QPAVVLPVPQPEIMEVPKA,86,104,,PeptidesInHumanMilk,,,3.90E+07,,4.10E+07,7.30E+07,1.40E+08,,
sp|P05814|CASB_HUMAN,QPAVVLPVPQPEIMEVPKAK,,,,QPAVVLPVPQPEIMEVPKAK,86,105,,PeptidesInHumanMilk,,,,3.80E+06,,,,,
sp|P05814|CASB_HUMAN,QPAVVLPVPQPEIMEVPKAKDT,,,,QPAVVLPVPQPEIMEVPKAKDT,86,107,,PeptidesInHumanMilk,,,1.20E+07,,,1.30E+07,2.80E+07,,
sp|P05814|CASB_HUMAN,QPAVVLPVPQPEIMEVPKAKDTVYT,,,,QPAVVLPVPQPEIMEVPKAKDTVYT,86,110,,PeptidesInHumanMilk,,,,,7.10E+07,,,,1.40E+01
sp|P05814|CASB_HUMAN,QPAVVLPVPQPEIMEVPKAKDTVYTK,,,,QPAVVLPVPQPEIMEVPKAKDTVYTK,86,111,,PeptidesInHumanMilk,,,,,,,1.00E+07,,
sp|P05814|CASB_HUMAN,PAVVLPVPQPEIM,,,,PAVVLPVPQPEIM,87,99,,PeptidesInHumanMilk,,,,,,4.00E+06,,,
sp|P05814|CASB_HUMAN,PAVVLPVPQPEIMEVPK,,,,PAVVLPVPQPEIMEVPK,87,103,,PeptidesInHumanMilk,,,,,4.30E+06,1.50E+06,2.60E+06,1.10E+06,8.00E+00
sp|P05814|CASB_HUMAN,PAVVLPVPQPEIMEVPKAKDT,,,,PAVVLPVPQPEIMEVPKAKDT,87,107,,PeptidesInHumanMilk,,,,,,,6.60E+05,4.50E+05,
sp|P05814|CASB_HUMAN,PAVVLPVPQPEIMEVPKAKDTVYT,,,,PAVVLPVPQPEIMEVPKAKDTVYT,87,110,,PeptidesInHumanMilk,,,,,1.00E+07,4.80E+06,5.00E+06,,1.70E+01
sp|P05814|CASB_HUMAN,PAVVLPVPQPEIMEVPKAKDTVYTK,,,,PAVVLPVPQPEIMEVPKAKDTVYTK,87,111,,PeptidesInHumanMilk,,,,2.30E+05,1.60E+06,1.20E+06,9.90E+06,4.60E+06,1.90E+01
sp|P05814|CASB_HUMAN,AVVLPVPQPEIMEVPKA,,,,AVVLPVPQPEIMEVPKA,88,104,,PeptidesInHumanMilk,,,,,,,,,2.30E+01
sp|P05814|CASB_HUMAN,AVVLPVPQPEIMEVPKAKDTVYT,,,,AVVLPVPQPEIMEVPKAKDTVYT,88,110,,PeptidesInHumanMilk,,,,,1.00E+08,1.00E+08,9.20E+07,,
sp|P05814|CASB_HUMAN,VVLPVPQPEIMEVPK,,,,VVLPVPQPEIMEVPK,89,103,,PeptidesInHumanMilk,,,,,1.30E+07,,,4.60E+08,
sp|P05814|CASB_HUMAN,VVLPVPQPEIMEVPKAKDT,,,,VVLPVPQPEIMEVPKAKDT,89,107,,PeptidesInHumanMilk,,,,,,,,1.40E+09,
sp|P05814|CASB_HUMAN,VVLPVPQPEIMEVPKAKDTVYT,,,,VVLPVPQPEIMEVPKAKDTVYT,89,110,,PeptidesInHumanMilk,,,,,1.30E+09,,1.80E+08,,
sp|P05814|CASB_HUMAN,VVLPVPQPEIMEVPKAKDTVYTK,,,,VVLPVPQPEIMEVPKAKDTVYTK,89,111,,PeptidesInHumanMilk,,,,,3.70E+09,,,4.00E+09,5.20E+01
sp|P05814|CASB_HUMAN,VLPVPQPEIMEVPKAKDT,,,,VLPVPQPEIMEVPKAKDT,90,107,,PeptidesInHumanMilk,,,,,,,,8.30E+06,
sp|P05814|CASB_HUMAN,LPVPQPEIMEVPK,,,,LPVPQPEIMEVPK,91,103,,PeptidesInHumanMilk,,,3.00E+08,2.30E+08,8.60E+08,4.60E+08,8.20E+08,1.90E+09,1.10E+01
sp|P05814|CASB_HUMAN,LPVPQPEIMEVPKA,,,,LPVPQPEIMEVPKA,91,104,,PeptidesInHumanMilk,,,,,,,3.70E+06,6.10E+06,6.00E+00
sp|P05814|CASB_HUMAN,LPVPQPEIMEVPKAK,,,,LPVPQPEIMEVPKAK,91,105,,PeptidesInHumanMilk,,,,5.90E+06,,1.60E+06,,3.00E+07,3.70E+01
sp|P05814|CASB_HUMAN,LPVPQPEIMEVPKAKDT,,,,LPVPQPEIMEVPKAKDT,91,107,,PeptidesInHumanMilk,,1.20E+08,1.90E+08,7.70E+07,2.70E+08,2.90E+08,4.70E+08,1.30E+09,3.60E+01
sp|P05814|CASB_HUMAN,LPVPQPEIMEVPKAKDTV,,,,LPVPQPEIMEVPKAKDTV,91,108,,PeptidesInHumanMilk,,3.70E+07,5.40E+07,1.10E+07,5.50E+07,3.00E+07,1.10E+08,,9.00E+00
sp|P05814|CASB_HUMAN,LPVPQPEIMEVPKAKDTVY,,,,LPVPQPEIMEVPKAKDTVY,91,109,,PeptidesInHumanMilk,,,,,,5.20E+06,,3.40E+06,
sp|P05814|CASB_HUMAN,LPVPQPEIMEVPKAKDTVYT,,,,LPVPQPEIMEVPKAKDTVYT,91,110,,PeptidesInHumanMilk,,,1.50E+08,3.00E+07,1.10E+05,,3.90E+08,,1.90E+01
sp|P05814|CASB_HUMAN,LPVPQPEIMEVPKAKDTVYTK,,,,LPVPQPEIMEVPKAKDTVYTK,91,111,,PeptidesInHumanMilk,,,2.10E+07,,1.70E+07,,4.40E+05,1.90E+07,1.30E+01
sp|P05814|CASB_HUMAN,LPVPQPEIMEVPKAKDTVYTKG,,,,LPVPQPEIMEVPKAKDTVYTKG,91,112,,PeptidesInHumanMilk,,,,,,1.40E+07,,,
sp|P05814|CASB_HUMAN,LPVPQPEIMEVPKAKDTVYTKGR,,,,LPVPQPEIMEVPKAKDTVYTKGR,91,113,,PeptidesInHumanMilk,,,,,1.80E+06,,,5.70E+06,
sp|P05814|CASB_HUMAN,PVPQPEIMEVPKAKDTVYT,,,,PVPQPEIMEVPKAKDTVYT,92,110,,PeptidesInHumanMilk,,,,,4.80E+06,,,1.60E+06,6.20E+01
sp|P05814|CASB_HUMAN,PVPQPEIMEVPKAKDTVYTK,,,,PVPQPEIMEVPKAKDTVYTK,92,111,,PeptidesInHumanMilk,,1.80E+06,,1.10E+05,6.10E+06,8.50E+05,,5.60E+06,
sp|P05814|CASB_HUMAN,VPQPEIME,,,,VPQPEIME,93,100,,PeptidesInHumanMilk,,,,,,,,1.00E+07,1.40E+01
sp|P05814|CASB_HUMAN,VPQPEIMEVPK,,,,VPQPEIMEVPK,93,103,,PeptidesInHumanMilk,,,,,,,,3.50E+07,
sp|P05814|CASB_HUMAN,VPQPEIMEVPKAKDT,,,,VPQPEIMEVPKAKDT,93,107,,PeptidesInHumanMilk,,,,1.20E+07,,,9.60E+07,1.50E+08,9.00E+00
sp|P05814|CASB_HUMAN,VPQPEIMEVPKAKDTVYT,,,,VPQPEIMEVPKAKDTVYT,93,110,,PeptidesInHumanMilk,,1.40E+07,,6.30E+06,1.60E+08,6.60E+07,,,
sp|P05814|CASB_HUMAN,VPQPEIMEVPKAKDTVYTK,,,,VPQPEIMEVPKAKDTVYTK,93,111,,PeptidesInHumanMilk,,,,,,,1.90E+07,1.10E+07,
sp|P05814|CASB_HUMAN,PQPEIMEVPK,,,,PQPEIMEVPK,94,103,,PeptidesInHumanMilk,,2.20E+06,3.20E+06,,,,1.10E+07,,4.20E+01
sp|P05814|CASB_HUMAN,PQPEIMEVPKA,,,,PQPEIMEVPKA,94,104,,PeptidesInHumanMilk,,,,,,,1.00E+06,,
sp|P05814|CASB_HUMAN,PQPEIMEVPKAKDTVYTK,,,,PQPEIMEVPKAKDTVYTK,94,111,,PeptidesInHumanMilk,,3.90E+05,7.30E+05,,,1.90E+06,3.50E+06,,5.80E+01
sp|P05814|CASB_HUMAN,PEIMEVPK,,,,PEIMEVPK,96,103,,PeptidesInHumanMilk,,,,,,4.90E+05,8.60E+05,,3.80E+01
sp|P05814|CASB_HUMAN,PEIMEVPKAKDTVYTK,,,,PEIMEVPKAKDTVYTK,96,111,,PeptidesInHumanMilk,,,,,7.10E+06,,,,1.10E+01
sp|P05814|CASB_HUMAN,PEIMEVPKAKDTVYTKGR,,,,PEIMEVPKAKDTVYTKGR,96,113,,PeptidesInHumanMilk,,,,,,,,3.60E+06,
sp|P05814|CASB_HUMAN,PEIMEVPKAKDTVYTKGRVMP,,,,PEIMEVPKAKDTVYTKGRVMP,96,116,,PeptidesInHumanMilk,,,,,,,,8.60E+06,
sp|P05814|CASB_HUMAN,MEVPKAKDTVYTKGR,,,,MEVPKAKDTVYTKGR,99,113,,PeptidesInHumanMilk,,,,,5.70E+06,,,1.10E+07,9.80E+01
sp|P05814|CASB_HUMAN,EVPKAKDTVYTKGRV,,,,EVPKAKDTVYTKGRV,100,114,,PeptidesInHumanMilk,,,,,,,,6.50E+06,
sp|P05814|CASB_HUMAN,EVPKAKDTVYTKGRVM,,,,EVPKAKDTVYTKGRVM,100,115,,PeptidesInHumanMilk,,,3.20E+06,,,1.60E+07,,,
sp|P05814|CASB_HUMAN,EVPKAKDTVYTKGRVMP,,,,EVPKAKDTVYTKGRVMP,100,116,,PeptidesInHumanMilk,,,,,9.40E+06,,,5.00E+07,
sp|P05814|CASB_HUMAN,VPKAKDTVYTKGRVM,,,,VPKAKDTVYTKGRVM,101,115,,PeptidesInHumanMilk,,,,5.90E+06,8.10E+06,,,8.50E+06,
sp|P05814|CASB_HUMAN,VPKAKDTVYTKGRVMP,,,,VPKAKDTVYTKGRVMP,101,116,,PeptidesInHumanMilk,,,,,1.30E+07,5.30E+06,,1.80E+07,1.80E+01
sp|P05814|CASB_HUMAN,PKAKDTVYTKGRVMP,,,,PKAKDTVYTKGRVMP,102,116,,PeptidesInHumanMilk,,,,,,,,2.50E+06,
sp|P05814|CASB_HUMAN,AKDTVYTKGRVMP,,,,AKDTVYTKGRVMP,104,116,,PeptidesInHumanMilk,,,,,,,,4.30E+07,
sp|P05814|CASB_HUMAN,AKDTVYTKGRVMPV,,,,AKDTVYTKGRVMPV,104,117,,PeptidesInHumanMilk,,,,,,,,4.40E+07,
sp|P05814|CASB_HUMAN,AKDTVYTKGRVMPVL,,,,AKDTVYTKGRVMPVL,104,118,,PeptidesInHumanMilk,,,,,,,3.60E+07,2.90E+07,4.30E+01
sp|P05814|CASB_HUMAN,AKDTVYTKGRVMPVLK,,,,AKDTVYTKGRVMPVLK,104,119,,PeptidesInHumanMilk,,3.90E+08,2.90E+08,1.90E+09,2.80E+09,3.30E+09,1.70E+09,2.90E+08,3.30E+01
sp|P05814|CASB_HUMAN,AKDTVYTKGRVMPVLKS,,,,AKDTVYTKGRVMPVLKS,104,120,,PeptidesInHumanMilk,,,,,9.80E+06,8.80E+06,,,1.60E+01
sp|P05814|CASB_HUMAN,AKDTVYTKGRVMPVLKSPTIPFFDPQIPK,,,,AKDTVYTKGRVMPVLKSPTIPFFDPQIPK,104,132,,PeptidesInHumanMilk,,,,1.50E+07,,3.50E+07,3.20E+07,,7.90E+01
sp|P05814|CASB_HUMAN,KDTVYTKGRVMP,,,,KDTVYTKGRVMP,105,116,,PeptidesInHumanMilk,,,,,,,,2.00E+07,
sp|P05814|CASB_HUMAN,KDTVYTKGRVMPV,,,,KDTVYTKGRVMPV,105,117,,PeptidesInHumanMilk,,,,,,,,9.60E+06,
sp|P05814|CASB_HUMAN,KDTVYTKGRVMPVL,,,,KDTVYTKGRVMPVL,105,118,,PeptidesInHumanMilk,,3.60E+07,,,3.80E+07,5.50E+07,,2.10E+07,
sp|P05814|CASB_HUMAN,KDTVYTKGRVMPVLK,,,,KDTVYTKGRVMPVLK,105,119,,PeptidesInHumanMilk,,2.10E+09,1.10E+09,1.60E+09,5.30E+07,3.50E+09,1.10E+09,5.40E+07,3.00E+00
sp|P05814|CASB_HUMAN,DTVYTKGRVMP,,,,DTVYTKGRVMP,106,116,,PeptidesInHumanMilk,,,,,,,,5.70E+06,3.20E+01
sp|P05814|CASB_HUMAN,DTVYTKGRVMPVL,,,,DTVYTKGRVMPVL,106,118,,PeptidesInHumanMilk,,4.40E+07,2.20E+07,1.80E+07,,6.20E+07,4.40E+07,1.30E+08,5.10E+01
sp|P05814|CASB_HUMAN,DTVYTKGRVMPVLK,,,,DTVYTKGRVMPVLK,106,119,,PeptidesInHumanMilk,,1.10E+08,1.40E+08,3.80E+09,5.90E+09,1.20E+07,2.80E+08,3.40E+09,
sp|P05814|CASB_HUMAN,DTVYTKGRVMPVLKSPTIP,,,,DTVYTKGRVMPVLKSPTIP,106,124,,PeptidesInHumanMilk,,2.60E+07,,2.00E+07,,,,,
sp|P05814|CASB_HUMAN,DTVYTKGRVMPVLKSPTIPF,,,,DTVYTKGRVMPVLKSPTIPF,106,125,,PeptidesInHumanMilk,,,,,,,,1.90E+07,
sp|P05814|CASB_HUMAN,DTVYTKGRVMPVLKSPTIPFFDPQIPK,,,,DTVYTKGRVMPVLKSPTIPFFDPQIPK,106,132,,PeptidesInHumanMilk,,3.20E+07,2.80E+07,,2.80E+07,5.40E+07,7.20E+07,,3.40E+01
sp|P05814|CASB_HUMAN,TVYTKGRVMPVL,,,,TVYTKGRVMPVL,107,118,,PeptidesInHumanMilk,,,,,,,,,8.70E+01
sp|P05814|CASB_HUMAN,TVYTKGRVMPVLK,,,,TVYTKGRVMPVLK,107,119,,PeptidesInHumanMilk,,,,,4.90E+07,,,,6.00E+00
sp|P05814|CASB_HUMAN,VYTKGRVMPVLK,,,,VYTKGRVMPVLK,108,119,,PeptidesInHumanMilk,,,,,,,,3.50E+07,9.20E+01
sp|P05814|CASB_HUMAN,YTKGRVMPVLK,,,,YTKGRVMPVLK,109,119,,PeptidesInHumanMilk,,2.00E+07,2.60E+07,,2.40E+07,3.90E+07,2.90E+07,1.40E+07,3.40E+01
sp|P05814|CASB_HUMAN,GRVMPVLK,,,,GRVMPVLK,112,119,,PeptidesInHumanMilk,,5.70E+07,,,,,,3.50E+08,
sp|P05814|CASB_HUMAN,GRVMPVLKSPTIPFFD,,,,GRVMPVLKSPTIPFFD,112,127,,PeptidesInHumanMilk,,5.70E+06,,,2.40E+08,4.20E+07,,,
sp|P05814|CASB_HUMAN,GRVMPVLKSPTIPFFDPQIPK,,,,GRVMPVLKSPTIPFFDPQIPK,112,132,,PeptidesInHumanMilk,,7.60E+08,6.40E+08,3.50E+08,7.70E+08,1.40E+09,2.10E+09,3.10E+08,1.20E+01
sp|P05814|CASB_HUMAN,GRVMPVLKSPTIPFFDPQIPKL,,,,GRVMPVLKSPTIPFFDPQIPKL,112,133,,PeptidesInHumanMilk,,,,,,,,1.90E+06,3.40E+01
sp|P05814|CASB_HUMAN,GRVMPVLKSPTIPFFDPQIPKLTD,,,,GRVMPVLKSPTIPFFDPQIPKLTD,112,135,,PeptidesInHumanMilk,,,,,9.20E+06,,,,
sp|P05814|CASB_HUMAN,VMPVLKSPTIPFFD,,,,VMPVLKSPTIPFFD,114,127,,PeptidesInHumanMilk,,,,,7.00E+06,,,,
sp|P05814|CASB_HUMAN,VMPVLKSPTIPFFDPQIPK,,,,VMPVLKSPTIPFFDPQIPK,114,132,,PeptidesInHumanMilk,,,,,3.80E+07,,,,
sp|P05814|CASB_HUMAN,MPVLKSPTIP,,,,MPVLKSPTIP,115,124,,PeptidesInHumanMilk,,,8.70E+07,2.50E+07,7.30E+07,,1.80E+08,1.30E+08,1.20E+01
sp|P05814|CASB_HUMAN,MPVLKSPTIPFFD,,,,MPVLKSPTIPFFD,115,127,,PeptidesInHumanMilk,,,,,9.20E+06,,,,
sp|P05814|CASB_HUMAN,MPVLKSPTIPFFDPQ,,,,MPVLKSPTIPFFDPQ,115,129,,PeptidesInHumanMilk,,,,,,5.20E+06,,,
sp|P05814|CASB_HUMAN,MPVLKSPTIPFFDPQIP,,,,MPVLKSPTIPFFDPQIP,115,131,,PeptidesInHumanMilk,,2.60E+08,1.80E+08,1.30E+08,6.40E+08,3.70E+08,3.90E+08,8.80E+07,5.80E+01
sp|P05814|CASB_HUMAN,MPVLKSPTIPFFDPQIPK,,,,MPVLKSPTIPFFDPQIPK,115,132,,PeptidesInHumanMilk,,8.50E+07,1.20E+08,,8.00E+07,,4.10E+08,,1.20E+01
sp|P05814|CASB_HUMAN,MPVLKSPTIPFFDPQIPKLTD,,,,MPVLKSPTIPFFDPQIPKLTD,115,135,,PeptidesInHumanMilk,,,,,,,2.60E+06,,6.80E+01
sp|P05814|CASB_HUMAN,PVLKSPTIPF,,,,PVLKSPTIPF,116,125,,PeptidesInHumanMilk,,,,,,7.70E+06,,,
sp|P05814|CASB_HUMAN,PVLKSPTIPFFDPQIPKLTD,,,,PVLKSPTIPFFDPQIPKLTD,116,135,,PeptidesInHumanMilk,,,,,,2.20E+06,,,
sp|P05814|CASB_HUMAN,VLKSPTIPFFD,,,,VLKSPTIPFFD,117,127,,PeptidesInHumanMilk,,,,,,,,,8.60E+01
sp|P05814|CASB_HUMAN,LKSPTIPFFDPQIPK,,,,LKSPTIPFFDPQIPK,118,132,,PeptidesInHumanMilk,,,,,,,,8.00E+06,5.80E+01
sp|P05814|CASB_HUMAN,KSPTIPFFDPQIPK,,,,KSPTIPFFDPQIPK,119,132,,PeptidesInHumanMilk,,,2.20E+06,,,3.50E+06,8.90E+06,1.00E+07,
sp|P05814|CASB_HUMAN,SPTIPFFDPQIP,,,,SPTIPFFDPQIP,120,131,,PeptidesInHumanMilk,,3.50E+07,8.80E+07,,1.30E+08,6.70E+07,1.50E+08,,1.90E+01
sp|P05814|CASB_HUMAN,SPTIPFFDPQIPK,,,,SPTIPFFDPQIPK,120,132,,PeptidesInHumanMilk,,1.50E+06,2.60E+06,1.30E+06,1.30E+08,4.70E+06,1.00E+07,,1.60E+01
sp|P05814|CASB_HUMAN,SPTIPFFDPQIPKL,,,,SPTIPFFDPQIPKL,120,133,,PeptidesInHumanMilk,,,,,,,,,3.60E+01
sp|P05814|CASB_HUMAN,SPTIPFFDPQIPKLTD,,,,SPTIPFFDPQIPKLTD,120,135,,PeptidesInHumanMilk,,3.70E+06,,,8.10E+06,2.50E+06,7.00E+06,,3.40E+01
sp|P05814|CASB_HUMAN,PFFDPQIPK,,,,PFFDPQIPK,124,132,,PeptidesInHumanMilk,,7.30E+06,7.40E+06,4.10E+06,8.80E+06,1.50E+07,2.50E+07,2.90E+06,
sp|P05814|CASB_HUMAN,FFDPQIPK,,,,FFDPQIPK,125,132,,PeptidesInHumanMilk,,8.20E+06,,,,1.30E+07,,1.20E+07,
sp|P05814|CASB_HUMAN,FDPQIPK,,,,FDPQIPK,126,132,,PeptidesInHumanMilk,,7.60E+06,,,,,4.10E+07,,3.10E+01
sp|P05814|CASB_HUMAN,DPQIPKL,,,,DPQIPKL,127,133,,PeptidesInHumanMilk,,,,,,,2.90E+07,3.00E+07,3.30E+01
sp|P05814|CASB_HUMAN,DPQIPKLTDLENL,,,,DPQIPKLTDLENL,127,139,,PeptidesInHumanMilk,,,,,,,,7.90E+07,4.20E+01
sp|P05814|CASB_HUMAN,DPQIPKLTDLENLH,,,,DPQIPKLTDLENLH,127,140,,PeptidesInHumanMilk,,1.30E+07,,,2.80E+07,4.10E+07,1.70E+07,,3.70E+01
sp|P05814|CASB_HUMAN,DPQIPKLTDLENLHLP,,,,DPQIPKLTDLENLHLP,127,142,,PeptidesInHumanMilk,,,,,4.00E+07,2.90E+07,4.40E+07,,4.30E+01
sp|P05814|CASB_HUMAN,LTDLENLH,,,,LTDLENLH,133,140,,PeptidesInHumanMilk,,,,,,,5.40E+06,,
sp|P05814|CASB_HUMAN,LTDLENLHLPLPLLQPLMQQVPQPIPQTLALPPQPLWSVPQP,,,,LTDLENLHLPLPLLQPLMQQVPQPIPQTLALPPQPLWSVPQP,133,174,,PeptidesInHumanMilk,,,,,,,,,
sp|P05814|CASB_HUMAN,DLENLHLP,,,,DLENLHLP,135,142,,PeptidesInHumanMilk,,,,,,1.10E+06,9.10E+06,6.70E+06,
sp|P05814|CASB_HUMAN,LLQPLMQQVPQPIPQT,,,,LLQPLMQQVPQPIPQT,145,160,,PeptidesInHumanMilk,,2.10E+07,,7.20E+06,1.40E+07,3.00E+07,2.20E+07,,
sp|P05814|CASB_HUMAN,LLQPLMQQVPQPIPQTLALPPQP,,,,LLQPLMQQVPQPIPQTLALPPQP,145,167,,PeptidesInHumanMilk,,,,,,1.00E+06,,,
sp|P05814|CASB_HUMAN,LQPLMQQVPQPIPQTL,,,,LQPLMQQVPQPIPQTL,146,161,,PeptidesInHumanMilk,,,,,,,,2.70E+07,
sp|P05814|CASB_HUMAN,QPLMQQVPQPIPQT,,,,QPLMQQVPQPIPQT,147,160,,PeptidesInHumanMilk,,8.70E+07,,,8.10E+07,2.10E+08,3.30E+07,1.30E+08,1.30E+01
sp|P05814|CASB_HUMAN,QPLMQQVPQPIPQTLALPPQP,,,,QPLMQQVPQPIPQTLALPPQP,147,167,,PeptidesInHumanMilk,,1.20E+06,,,,2.40E+06,3.90E+06,5.20E+05,
sp|P05814|CASB_HUMAN,QQVPQPIPQTLALPPQPLWSVPQP,,,,QQVPQPIPQTLALPPQPLWSVPQP,151,174,,PeptidesInHumanMilk,,,4.40E+06,,8.60E+06,,1.30E+07,,1.20E+01
sp|P05814|CASB_HUMAN,VPQPIPQTLALPPQP,,,,VPQPIPQTLALPPQP,153,167,,PeptidesInHumanMilk,,2.70E+06,6.90E+05,,,4.30E+06,4.90E+06,,2.90E+01
sp|P05814|CASB_HUMAN,LPPQPLWSVPQP,,,,LPPQPLWSVPQP,163,174,,PeptidesInHumanMilk,,,,,,,4.80E+06,3.40E+06,
sp|P05814|CASB_HUMAN,LWSVPQPKVLPIPQQVVPYPQ,,,,LWSVPQPKVLPIPQQVVPYPQ,168,188,,PeptidesInHumanMilk,,,,,,,6.70E+06,,
sp|P05814|CASB_HUMAN,LWSVPQPKVLPIPQQVVPYPQR,,,,LWSVPQPKVLPIPQQVVPYPQR,168,189,,PeptidesInHumanMilk,,,,2.90E+06,1.90E+07,2.00E+07,2.20E+07,3.00E+06,3.60E+01
sp|P05814|CASB_HUMAN,SVPQPKVLPIPQQVVPYPQR,,,,SVPQPKVLPIPQQVVPYPQR,170,189,,PeptidesInHumanMilk,,,4.20E+07,1.20E+07,,,1.30E+08,,9.00E+00
sp|P05814|CASB_HUMAN,SVPQPKVLPIPQQVVPYPQRA,,,,SVPQPKVLPIPQQVVPYPQRA,170,190,,PeptidesInHumanMilk,,,,,1.90E+07,1.40E+07,,1.00E+07,4.00E+00
sp|P05814|CASB_HUMAN,VPQPKVLPIPQQVVPYPQR,,,,VPQPKVLPIPQQVVPYPQR,171,189,,PeptidesInHumanMilk,,1.60E+06,,,5.80E+06,4.30E+06,1.40E+07,1.40E+06,1.20E+01
sp|P05814|CASB_HUMAN,VPQPKVLPIPQQVVPYPQRAVPVQA,,,,VPQPKVLPIPQQVVPYPQRAVPVQA,171,195,,PeptidesInHumanMilk,,,,,,,,,6.80E+01
sp|P05814|CASB_HUMAN,VLPIPQQV,,,,VLPIPQQV,176,183,,PeptidesInHumanMilk,,,,,6.10E+07,,5.90E+07,,9.00E+00
sp|P05814|CASB_HUMAN,VLPIPQQVVP,,,,VLPIPQQVVP,176,185,,PeptidesInHumanMilk,,,1.50E+08,,,,,,
sp|P05814|CASB_HUMAN,VLPIPQQVVPYP,,,,VLPIPQQVVPYP,176,187,,PeptidesInHumanMilk,,,,,2.80E+08,1.50E+08,4.70E+08,,
sp|P05814|CASB_HUMAN,VLPIPQQVVPYPQ,,,,VLPIPQQVVPYPQ,176,188,,PeptidesInHumanMilk,,1.70E+07,3.20E+07,9.00E+06,1.50E+07,3.10E+07,1.00E+08,2.20E+07,2.40E+01
sp|P05814|CASB_HUMAN,VLPIPQQVVPYPQR,,,,VLPIPQQVVPYPQR,176,189,,PeptidesInHumanMilk,,5.70E+07,2.40E+08,5.10E+07,,1.70E+08,5.70E+08,3.00E+07,4.80E+01
sp|P05814|CASB_HUMAN,VLPIPQQVVPYPQRAVPV,,,,VLPIPQQVVPYPQRAVPV,176,193,,PeptidesInHumanMilk,,,,,,4.90E+06,,,
sp|P05814|CASB_HUMAN,VLPIPQQVVPYPQRAVPVQ,,,,VLPIPQQVVPYPQRAVPVQ,176,194,,PeptidesInHumanMilk,,,,,8.00E+07,,,,3.10E+01
sp|P05814|CASB_HUMAN,VLPIPQQVVPYPQRAVPVQA,,,,VLPIPQQVVPYPQRAVPVQA,176,195,,PeptidesInHumanMilk,,3.50E+08,,2.90E+07,9.10E+07,8.10E+08,6.60E+07,3.50E+07,
sp|P05814|CASB_HUMAN,VLPIPQQVVPYPQRAVPVQALLLNQEL,,,,VLPIPQQVVPYPQRAVPVQALLLNQEL,176,202,,PeptidesInHumanMilk,,,,,2.70E+06,,,,
sp|P05814|CASB_HUMAN,VLPIPQQVVPYPQRAVPVQALLLNQELLLNPTHQIYPVTQPLAPVHNPISV,,,,VLPIPQQVVPYPQRAVPVQALLLNQELLLNPTHQIYPVTQPLAPVHNPISV,176,226,,PeptidesInHumanMilk,,,,,9.20E+09,7.70E+07,8.40E+09,,5.00E+00
sp|P05814|CASB_HUMAN,LPIPQQVVPYPQRA,,,,LPIPQQVVPYPQRA,177,190,,PeptidesInHumanMilk,,,,,3.60E+07,1.80E+07,2.70E+07,3.10E+07,6.40E+01
sp|P05814|CASB_HUMAN,LPIPQQVVPYPQRAVP,,,,LPIPQQVVPYPQRAVP,177,192,,PeptidesInHumanMilk,,,1.50E+07,6.70E+06,3.80E+07,,,,6.10E+01
sp|P05814|CASB_HUMAN,LPIPQQVVPYPQRAVPVQ,,,,LPIPQQVVPYPQRAVPVQ,177,194,,PeptidesInHumanMilk,,2.60E+06,,5.20E+06,1.40E+07,6.20E+06,,,2.90E+01
sp|P05814|CASB_HUMAN,LPIPQQVVPYPQRAVPVQA,,,,LPIPQQVVPYPQRAVPVQA,177,195,,PeptidesInHumanMilk,,,,1.70E+07,5.80E+07,6.80E+07,1.80E+08,,
sp|P05814|CASB_HUMAN,PIPQQVVPYPQR,,,,PIPQQVVPYPQR,178,189,,PeptidesInHumanMilk,,,1.20E+06,,4.30E+06,,8.40E+06,,8.50E+01
sp|P05814|CASB_HUMAN,PIPQQVVPYPQRAVPVQA,,,,PIPQQVVPYPQRAVPVQA,178,195,,PeptidesInHumanMilk,,4.00E+06,,,3.80E+07,9.30E+05,,,6.90E+01
sp|P05814|CASB_HUMAN,IPQQVVPYPQRA,,,,IPQQVVPYPQRA,179,190,,PeptidesInHumanMilk,,,,,3.10E+06,,,3.40E+06,5.20E+01
sp|P05814|CASB_HUMAN,IPQQVVPYPQRAVPVQA,,,,IPQQVVPYPQRAVPVQA,179,195,,PeptidesInHumanMilk,,2.30E+07,2.80E+07,,,5.80E+07,1.30E+08,1.60E+07,1.20E+01
sp|P05814|CASB_HUMAN,PQQVVPYPQR,,,,PQQVVPYPQR,180,189,,PeptidesInHumanMilk,,,,,,,5.20E+05,,
sp|P05814|CASB_HUMAN,PQQVVPYPQRAVPVQA,,,,PQQVVPYPQRAVPVQA,180,195,,PeptidesInHumanMilk,,,,,7.50E+05,7.90E+05,,,1.40E+01
sp|P05814|CASB_HUMAN,PYPQRAVPVQA,,,,PYPQRAVPVQA,185,195,,PeptidesInHumanMilk,,,,,,8.80E+05,,,1.90E+01
sp|P05814|CASB_HUMAN,AVPVQALLLNQE,,,,AVPVQALLLNQE,190,201,,PeptidesInHumanMilk,,,4.20E+05,,,,2.50E+06,9.50E+05,
sp|P05814|CASB_HUMAN,AVPVQALLLNQELLLNPTHQIYPVTQPLAPVHNPISV,,,,AVPVQALLLNQELLLNPTHQIYPVTQPLAPVHNPISV,190,226,,PeptidesInHumanMilk,,,,,,5.30E+08,5.70E+06,,
sp|P05814|CASB_HUMAN,VPVQALLLNQELLLNPTHQ,,,,VPVQALLLNQELLLNPTHQ,191,209,,PeptidesInHumanMilk,,,,,,,3.30E+06,,
sp|P05814|CASB_HUMAN,VPVQALLLNQELLLNPTHQIYPVTQPLAPVHNPISV,,,,VPVQALLLNQELLLNPTHQIYPVTQPLAPVHNPISV,191,226,,PeptidesInHumanMilk,,,1.60E+08,,2.40E+07,,,,
sp|P05814|CASB_HUMAN,ALLLNQELLLNPTHQIYPVTQPLAPVHNPISV,,,,ALLLNQELLLNPTHQIYPVTQPLAPVHNPISV,195,226,,PeptidesInHumanMilk,,,,5.60E+06,,8.60E+06,1.10E+07,,
sp|P05814|CASB_HUMAN,LLLNQEL,,,,LLLNQEL,196,202,,PeptidesInHumanMilk,,,,,,8.90E+06,,,
sp|P05814|CASB_HUMAN,LLNQELLLNPT,,,,LLNQELLLNPT,197,207,,PeptidesInHumanMilk,,,,,,,,1.60E+06,
sp|P05814|CASB_HUMAN,LLNQELLLNPTH,,,,LLNQELLLNPTH,197,208,,PeptidesInHumanMilk,,,,,,,,1.20E+06,
sp|P05814|CASB_HUMAN,LLNQELLLNPTHQ,,,,LLNQELLLNPTHQ,197,209,,PeptidesInHumanMilk,,,,,,,,1.30E+07,
sp|P05814|CASB_HUMAN,LLNQELLLNPTHQIYPVTQPLAPVH,,,,LLNQELLLNPTHQIYPVTQPLAPVH,197,221,,PeptidesInHumanMilk,,,,,,1.40E+06,,,
sp|P05814|CASB_HUMAN,LLNQELLLNPTHQIYPVTQPLAPVHNPI,,,,LLNQELLLNPTHQIYPVTQPLAPVHNPI,197,224,,PeptidesInHumanMilk,,,,,,,,3.00E+06,
sp|P05814|CASB_HUMAN,LLNQELLLNPTHQIYPVTQPLAPVHNPIS,,,,LLNQELLLNPTHQIYPVTQPLAPVHNPIS,197,225,,PeptidesInHumanMilk,,6.00E+06,,,2.40E+07,1.40E+07,9.80E+06,,3.20E+01
sp|P05814|CASB_HUMAN,LLNQELLLNPTHQIYPVTQPLAPVHNPISV,,,,LLNQELLLNPTHQIYPVTQPLAPVHNPISV,197,226,,PeptidesInHumanMilk,,9.60E+07,,,,1.50E+08,3.60E+07,,
sp|P05814|CASB_HUMAN,LNQELLLNPTHQ,,,,LNQELLLNPTHQ,198,209,,PeptidesInHumanMilk,,,,,,,,1.10E+07,
sp|P05814|CASB_HUMAN,LNQELLLNPTHQIYPVTQPLAPVHNPIS,,,,LNQELLLNPTHQIYPVTQPLAPVHNPIS,198,225,,PeptidesInHumanMilk,,,,,,,,,7.90E+01
sp|P05814|CASB_HUMAN,LNQELLLNPTHQIYPVTQPLAPVHNPISV,,,,LNQELLLNPTHQIYPVTQPLAPVHNPISV,198,226,,PeptidesInHumanMilk,,1.10E+08,6.90E+07,,,,2.20E+08,1.30E+08,2.80E+01
sp|P05814|CASB_HUMAN,NQELLLNPT,,,,NQELLLNPT,199,207,,PeptidesInHumanMilk,,,,,,,,2.30E+07,
sp|P05814|CASB_HUMAN,NQELLLNPTHQ,,,,NQELLLNPTHQ,199,209,,PeptidesInHumanMilk,,,,,1.10E+06,,5.20E+06,4.10E+07,
sp|P05814|CASB_HUMAN,NQELLLNPTHQIYPVTQ,,,,NQELLLNPTHQIYPVTQ,199,215,,PeptidesInHumanMilk,,,5.60E+06,,,6.70E+06,2.30E+07,8.40E+06,
sp|P05814|CASB_HUMAN,NQELLLNPTHQIYPVTQPLAPVH,,,,NQELLLNPTHQIYPVTQPLAPVH,199,221,,PeptidesInHumanMilk,,7.30E+06,6.80E+06,,2.90E+07,,2.40E+07,1.10E+07,5.60E+01
sp|P05814|CASB_HUMAN,NQELLLNPTHQIYPVTQPLAPVHNP,,,,NQELLLNPTHQIYPVTQPLAPVHNP,199,223,,PeptidesInHumanMilk,,8.80E+06,1.70E+07,,1.50E+07,2.60E+07,6.10E+07,,3.00E+00
sp|P05814|CASB_HUMAN,NQELLLNPTHQIYPVTQPLAPVHNPI,,,,NQELLLNPTHQIYPVTQPLAPVHNPI,199,224,,PeptidesInHumanMilk,,,,,7.10E+06,,,1.00E+07,1.10E+01
sp|P05814|CASB_HUMAN,NQELLLNPTHQIYPVTQPLAPVHNPIS,,,,NQELLLNPTHQIYPVTQPLAPVHNPIS,199,225,,PeptidesInHumanMilk,,,7.40E+07,2.80E+07,,,3.70E+08,5.50E+07,4.20E+01
sp|P05814|CASB_HUMAN,NQELLLNPTHQIYPVTQPLAPVHNPISV,,,,NQELLLNPTHQIYPVTQPLAPVHNPISV,199,226,,PeptidesInHumanMilk,,4.30E+08,5.20E+08,,8.60E+08,9.60E+08,2.20E+09,1.80E+06,1.40E+01
sp|P05814|CASB_HUMAN,QELLLNPTHQIYPVTQPLAPVHNPIS,,,,QELLLNPTHQIYPVTQPLAPVHNPIS,200,225,,PeptidesInHumanMilk,,,,,4.30E+06,,,,8.20E+01
sp|P05814|CASB_HUMAN,QELLLNPTHQIYPVTQPLAPVHNPISV,,,,QELLLNPTHQIYPVTQPLAPVHNPISV,200,226,,PeptidesInHumanMilk,,5.80E+07,9.50E+07,6.10E+07,,1.20E+08,,1.60E+08,
sp|P05814|CASB_HUMAN,ELLLNPTHQIYPVTQ,,,,ELLLNPTHQIYPVTQ,201,215,,PeptidesInHumanMilk,,,,,4.40E+07,,,,5.70E+01
sp|P05814|CASB_HUMAN,ELLLNPTHQIYPVTQPLAPVHNPIS,,,,ELLLNPTHQIYPVTQPLAPVHNPIS,201,225,,PeptidesInHumanMilk,,3.80E+06,,,,,1.80E+07,4.00E+06,
sp|P05814|CASB_HUMAN,ELLLNPTHQIYPVTQPLAPVHNPISV,,,,ELLLNPTHQIYPVTQPLAPVHNPISV,201,226,,PeptidesInHumanMilk,,2.60E+07,6.10E+07,2.00E+07,4.00E+07,5.80E+07,1.20E+08,,5.20E+01
sp|P05814|CASB_HUMAN,LLLNPTHQIYPVTQPLAPVHNPIS,,,,LLLNPTHQIYPVTQPLAPVHNPIS,202,225,,PeptidesInHumanMilk,,4.90E+06,,,,,,,
sp|P05814|CASB_HUMAN,LLNPTHQIYPVTQPLAPVHNPIS,,,,LLNPTHQIYPVTQPLAPVHNPIS,203,225,,PeptidesInHumanMilk,,3.20E+07,,,8.00E+07,7.40E+07,2.50E+07,,
sp|P05814|CASB_HUMAN,LLNPTHQIYPVTQPLAPVHNPISV,,,,LLNPTHQIYPVTQPLAPVHNPISV,203,226,,PeptidesInHumanMilk,,7.60E+08,4.10E+08,2.60E+08,8.50E+08,1.60E+09,4.60E+08,3.60E+08,1.30E+01
sp|P05814|CASB_HUMAN,LNPTHQIYPVTQPLAPVHNPI,,,,LNPTHQIYPVTQPLAPVHNPI,204,224,,PeptidesInHumanMilk,,,,,,,,2.00E+07,
sp|P05814|CASB_HUMAN,LNPTHQIYPVTQPLAPVHNPIS,,,,LNPTHQIYPVTQPLAPVHNPIS,204,225,,PeptidesInHumanMilk,,,,,7.90E+07,3.80E+07,1.70E+07,1.50E+07,1.50E+01
sp|P05814|CASB_HUMAN,LNPTHQIYPVTQPLAPVHNPISV,,,,LNPTHQIYPVTQPLAPVHNPISV,204,226,,PeptidesInHumanMilk,,,,,,3.10E+08,2.80E+08,9.50E+05,
sp|P05814|CASB_HUMAN,NPTHQIYPVTQ,,,,NPTHQIYPVTQ,205,215,,PeptidesInHumanMilk,,2.60E+07,5.60E+07,2.30E+07,,6.20E+07,1.10E+08,,
sp|P05814|CASB_HUMAN,NPTHQIYPVTQPLAPV,,,,NPTHQIYPVTQPLAPV,205,220,,PeptidesInHumanMilk,,,,,,,,1.30E+08,1.60E+01
sp|P05814|CASB_HUMAN,NPTHQIYPVTQPLAPVH,,,,NPTHQIYPVTQPLAPVH,205,221,,PeptidesInHumanMilk,,3.50E+07,1.50E+07,3.60E+07,9.40E+07,7.50E+07,4.40E+07,5.60E+07,
sp|P05814|CASB_HUMAN,NPTHQIYPVTQPLAPVHN,,,,NPTHQIYPVTQPLAPVHN,205,222,,PeptidesInHumanMilk,,,,5.80E+06,,5.70E+06,,,
sp|P05814|CASB_HUMAN,NPTHQIYPVTQPLAPVHNP,,,,NPTHQIYPVTQPLAPVHNP,205,223,,PeptidesInHumanMilk,,1.40E+07,,,3.40E+07,2.90E+07,6.00E+07,4.20E+07,5.80E+01
sp|P05814|CASB_HUMAN,NPTHQIYPVTQPLAPVHNPI,,,,NPTHQIYPVTQPLAPVHNPI,205,224,,PeptidesInHumanMilk,,,,,1.20E+07,7.70E+06,,2.80E+07,
sp|P05814|CASB_HUMAN,NPTHQIYPVTQPLAPVHNPIS,,,,NPTHQIYPVTQPLAPVHNPIS,205,225,,PeptidesInHumanMilk,,1.10E+08,8.90E+07,1.10E+08,3.80E+08,2.90E+08,2.50E+08,1.50E+08,7.10E+01
sp|P05814|CASB_HUMAN,NPTHQIYPVTQPLAPVHNPISV,,,,NPTHQIYPVTQPLAPVHNPISV,205,226,,PeptidesInHumanMilk,,8.50E+06,9.10E+08,1.90E+09,8.90E+06,4.40E+06,2.10E+09,2.40E+09,2.30E+01
sp|P05814|CASB_HUMAN,PTHQIYPVTQPLAPVHNPIS,,,,PTHQIYPVTQPLAPVHNPIS,206,225,,PeptidesInHumanMilk,,,,,4.60E+07,1.80E+07,7.80E+06,,9.60E+01
sp|P05814|CASB_HUMAN,PTHQIYPVTQPLAPVHNPISV,,,,PTHQIYPVTQPLAPVHNPISV,206,226,,PeptidesInHumanMilk,,,3.30E+08,3.80E+08,7.60E+08,,5.10E+08,3.90E+08,1.10E+01
sp|P05814|CASB_HUMAN,THQIYPVTQPLAPVHNPIS,,,,THQIYPVTQPLAPVHNPIS,207,225,,PeptidesInHumanMilk,,,,,,5.60E+06,,6.10E+06,3.90E+01
sp|P05814|CASB_HUMAN,THQIYPVTQPLAPVHNPISV,,,,THQIYPVTQPLAPVHNPISV,207,226,,PeptidesInHumanMilk,,,,,,,,,1.40E+01
sp|P05814|CASB_HUMAN,HQIYPVTQPLAPVHNPISV,,,,HQIYPVTQPLAPVHNPISV,208,226,,PeptidesInHumanMilk,,,6.70E+07,,8.30E+07,5.30E+07,1.20E+08,1.40E+08,1.30E+01
sp|P05814|CASB_HUMAN,QIYPVTQPLAPVHNPISV,,,,QIYPVTQPLAPVHNPISV,209,226,,PeptidesInHumanMilk,,,,1.80E+07,,,,,
sp|P05814|CASB_HUMAN,IYPVTQPLAPVHNPISV,,,,IYPVTQPLAPVHNPISV,210,226,,PeptidesInHumanMilk,,,,4.50E+06,6.30E+06,,,2.40E+07,7.00E+00
sp|P05814|CASB_HUMAN,YPVTQPLAPVH,,,,YPVTQPLAPVH,211,221,,PeptidesInHumanMilk,,,,,,,,5.60E+06,
sp|P05814|CASB_HUMAN,YPVTQPLAPVHNPISV,,,,YPVTQPLAPVHNPISV,211,226,,PeptidesInHumanMilk,,2.60E+08,3.20E+08,3.70E+08,4.10E+08,5.40E+08,7.30E+08,7.10E+08,6.60E+01
sp|P05814|CASB_HUMAN,PVTQPLAPVHNPISV,,,,PVTQPLAPVHNPISV,212,226,,PeptidesInHumanMilk,,1.10E+07,7.10E+06,,3.90E+07,2.20E+07,1.10E+07,7.50E+06,5.80E+01
sp|P05814|CASB_HUMAN,TQPLAPVHNPI,,,,TQPLAPVHNPI,214,224,,PeptidesInHumanMilk,,,,,,,,3.80E+08,
sp|P05814|CASB_HUMAN,TQPLAPVHNPISV,,,,TQPLAPVHNPISV,214,226,,PeptidesInHumanMilk,,8.30E+07,,1.90E+08,1.50E+09,3.00E+08,,2.00E+10,2.20E+01
sp|P05814|CASB_HUMAN,QPLAPVHNPISV,,,,QPLAPVHNPISV,215,226,,PeptidesInHumanMilk,,1.80E+09,,,,,,,
sp|P05814|CASB_HUMAN,PLAPVHNPISV,,,,PLAPVHNPISV,216,226,,PeptidesInHumanMilk,,4.90E+07,5.30E+07,2.70E+07,2.30E+08,,,8.40E+07,3.80E+01
sp|P05814|CASB_HUMAN,APVHNPISV,,,,APVHNPISV,218,226,,PeptidesInHumanMilk,,,,,,,,6.10E+09,
sp|P19835|CEL_HUMAN,AKLGAVYTEGGFVEGVNK,,,,AKLGAVYTEGGFVEGVNK,21,38,,PeptidesInHumanMilk,,1.40E+07,3.40E+07,2.60E+07,2.20E+07,2.40E+07,4.20E+07,1.90E+07,2.60E+01
sp|P19835|CEL_HUMAN,AKLGAVYTEGGFVEGVNKK,,,,AKLGAVYTEGGFVEGVNKK,21,39,,PeptidesInHumanMilk,,4.20E+07,1.00E+08,,2.50E+07,2.60E+07,5.10E+07,4.70E+07,7.50E+01
sp|P19835|CEL_HUMAN,AKLGAVYTEGGFVEGVNKKLGLLGDSVDIFK,,,,AKLGAVYTEGGFVEGVNKKLGLLGDSVDIFK,21,51,,PeptidesInHumanMilk,,6.40E+06,,9.00E+06,2.20E+07,,,3.70E+06,
sp|P19835|CEL_HUMAN,KLGAVYTEGGFVEGVNKK,,,,KLGAVYTEGGFVEGVNKK,22,39,,PeptidesInHumanMilk,,2.00E+07,3.40E+07,2.30E+07,2.90E+07,2.60E+07,3.90E+07,1.40E+07,3.40E+01
sp|P19835|CEL_HUMAN,KLGAVYTEGGFVEGVNKKLGLLGDSVDIFK,,,,KLGAVYTEGGFVEGVNKKLGLLGDSVDIFK,22,51,,PeptidesInHumanMilk,,8.60E+06,,,3.20E+07,,1.40E+07,,
sp|P19835|CEL_HUMAN,KLGAVYTEGGFVEGVNKKLGLLGDSVDIFKGIPFAAPTKALENPQPHPGWQGTLK,,,,KLGAVYTEGGFVEGVNKKLGLLGDSVDIFKGIPFAAPTKALENPQPHPGWQGTLK,22,76,,PeptidesInHumanMilk,,,,,,,1.90E+07,,
sp|P19835|CEL_HUMAN,GAVYTEGGFVEGVNK,,,,GAVYTEGGFVEGVNK,24,38,,PeptidesInHumanMilk,,,4.40E+06,2.80E+06,3.90E+06,2.50E+06,5.10E+06,,4.30E+01
sp|P19835|CEL_HUMAN,GAVYTEGGFVEGVNKK,,,,GAVYTEGGFVEGVNKK,24,39,,PeptidesInHumanMilk,,,,2.10E+06,3.00E+06,,,,
sp|P19835|CEL_HUMAN,GAVYTEGGFVEGVNKKLGLLGDSVD,,,,GAVYTEGGFVEGVNKKLGLLGDSVD,24,48,,PeptidesInHumanMilk,,,,,,,,,2.30E+01
sp|P19835|CEL_HUMAN,YTEGGFVEGVNKK,,,,YTEGGFVEGVNKK,27,39,,PeptidesInHumanMilk,,,1.20E+06,,1.40E+07,,,,
sp|P19835|CEL_HUMAN,TEGGFVEGVNK,,,,TEGGFVEGVNK,28,38,,PeptidesInHumanMilk,,1.90E+06,3.70E+06,2.70E+06,4.90E+06,,,3.30E+06,5.60E+01
sp|P19835|CEL_HUMAN,EGGFVEGVNK,,,,EGGFVEGVNK,29,38,,PeptidesInHumanMilk,,3.60E+07,5.70E+07,4.00E+07,8.90E+07,5.10E+07,4.30E+07,4.80E+07,1.10E+01
sp|P19835|CEL_HUMAN,LGLLGDSVDIFK,,,,LGLLGDSVDIFK,40,51,,PeptidesInHumanMilk,,6.60E+05,1.40E+06,,,,2.60E+06,,
sp|P19835|CEL_HUMAN,GLLGDSVDIFK,,,,GLLGDSVDIFK,41,51,,PeptidesInHumanMilk,,,,,,1.00E+06,,,
sp|P19835|CEL_HUMAN,LGDSVDIFK,,,,LGDSVDIFK,43,51,,PeptidesInHumanMilk,,,,,5.00E+05,,,,
sp|P19835|CEL_HUMAN,DSVDIFK,,,,DSVDIFK,45,51,,PeptidesInHumanMilk,,3.30E+07,5.30E+07,4.10E+07,7.30E+07,5.20E+07,8.10E+07,4.50E+07,9.20E+01
sp|P19835|CEL_HUMAN,GIPFAAPTKALENPQPHPGWQG,,,,GIPFAAPTKALENPQPHPGWQG,52,73,,PeptidesInHumanMilk,,,,4.30E+06,,9.30E+06,,,
sp|P19835|CEL_HUMAN,GIPFAAPTKALENPQPHPGWQGTL,,,,GIPFAAPTKALENPQPHPGWQGTL,52,75,,PeptidesInHumanMilk,,,,,1.90E+08,5.90E+07,,,3.40E+01
sp|P19835|CEL_HUMAN,GIPFAAPTKALENPQPHPGWQGTLK,,,,GIPFAAPTKALENPQPHPGWQGTLK,52,76,,PeptidesInHumanMilk,,2.80E+07,,2.70E+07,7.70E+07,4.40E+07,,2.60E+07,1.30E+01
sp|P19835|CEL_HUMAN,IPFAAPTKALENPQPHPGWQGTL,,,,IPFAAPTKALENPQPHPGWQGTL,53,75,,PeptidesInHumanMilk,,,3.20E+06,,,,7.10E+06,,
sp|P19835|CEL_HUMAN,PFAAPTKALENPQPHPGWQGTLK,,,,PFAAPTKALENPQPHPGWQGTLK,54,76,,PeptidesInHumanMilk,,,1.70E+07,1.10E+07,3.40E+07,1.90E+07,2.50E+07,,5.70E+01
sp|P19835|CEL_HUMAN,PFAAPTKALENPQPHPGWQGTLKA,,,,PFAAPTKALENPQPHPGWQGTLKA,54,77,,PeptidesInHumanMilk,,,,,2.10E+06,,7.30E+05,,3.90E+01
sp|P19835|CEL_HUMAN,PFAAPTKALENPQPHPGWQGTLKAKNF,,,,PFAAPTKALENPQPHPGWQGTLKAKNF,54,80,,PeptidesInHumanMilk,,,,,,,,,1.00E+00
sp|P19835|CEL_HUMAN,APTKALENPQPHPGWQGTL,,,,APTKALENPQPHPGWQGTL,57,75,,PeptidesInHumanMilk,,,1.90E+07,,,,3.30E+07,,
sp|P19835|CEL_HUMAN,APTKALENPQPHPGWQGTLK,,,,APTKALENPQPHPGWQGTLK,57,76,,PeptidesInHumanMilk,,,5.50E+07,,,,9.00E+07,,4.80E+01
sp|P19835|CEL_HUMAN,GNKKVTEEDFYK,,,,GNKKVTEEDFYK,355,366,,PeptidesInHumanMilk,,2.60E+06,,1.80E+06,,,,,
sp|P19835|CEL_HUMAN,GNKKVTEEDFYKLVSEFTITKGLR,,,,GNKKVTEEDFYKLVSEFTITKGLR,355,378,,PeptidesInHumanMilk,,,,,,1.90E+06,,,
sp|P19835|CEL_HUMAN,NKKVTEEDFYKLVSEFTITK,,,,NKKVTEEDFYKLVSEFTITK,356,375,,PeptidesInHumanMilk,,,,,3.80E+06,,,,3.40E+01
sp|P19835|CEL_HUMAN,GLRGAKTTFDVYTESWAQDPSQENK,,,,GLRGAKTTFDVYTESWAQDPSQENK,376,400,,PeptidesInHumanMilk,,,,,8.00E+06,,,,1.20E+01
sp|P19835|CEL_HUMAN,RGAKTTFDVYTESWAQDPSQENK,,,,RGAKTTFDVYTESWAQDPSQENK,378,400,,PeptidesInHumanMilk,,8.10E+06,2.20E+07,,1.00E+07,1.50E+07,3.30E+07,,1.70E+01
sp|P19835|CEL_HUMAN,GAKTTFDVYTESWAQDPSQENK,,,,GAKTTFDVYTESWAQDPSQENK,379,400,,PeptidesInHumanMilk,,,1.60E+08,1.00E+08,,1.80E+08,,5.50E+07,9.30E+01
sp|P19835|CEL_HUMAN,GAKTTFDVYTESWAQDPSQENKK,,,,GAKTTFDVYTESWAQDPSQENKK,379,401,,PeptidesInHumanMilk,,2.80E+07,5.70E+07,2.60E+07,,4.90E+07,7.50E+07,,
sp|P19835|CEL_HUMAN,TTFDVYTESWAQDPSQENK,,,,TTFDVYTESWAQDPSQENK,382,400,,PeptidesInHumanMilk,,,6.20E+06,5.70E+06,9.80E+06,,,3.30E+06,1.20E+01
sp|P19835|CEL_HUMAN,DVYTESWAQDPSQE,,,,DVYTESWAQDPSQE,385,398,,PeptidesInHumanMilk,,,1.90E+07,6.50E+06,2.30E+07,1.80E+07,,,
sp|P19835|CEL_HUMAN,DVYTESWAQDPSQENK,,,,DVYTESWAQDPSQENK,385,400,,PeptidesInHumanMilk,,1.00E+07,6.10E+07,1.30E+07,2.50E+07,1.70E+07,9.80E+07,,3.60E+01
sp|P19835|CEL_HUMAN,DVYTESWAQDPSQENKK,,,,DVYTESWAQDPSQENKK,385,401,,PeptidesInHumanMilk,,,2.00E+07,,,,,,
sp|P19835|CEL_HUMAN,TESWAQDPSQENK,,,,TESWAQDPSQENK,388,400,,PeptidesInHumanMilk,,,,,,,,8.30E+05,
sp|P19835|CEL_HUMAN,TNFAKTGDPNMGDSAVPTHWEPYTTENSGYLEITK,,,,TNFAKTGDPNMGDSAVPTHWEPYTTENSGYLEITK,489,523,,PeptidesInHumanMilk,,,,,,,2.10E+07,,
sp|P19835|CEL_HUMAN,TGDPNMGDSAVPTHWEPYTTENSGYLEITK,,,,TGDPNMGDSAVPTHWEPYTTENSGYLEITK,494,523,,PeptidesInHumanMilk,,,,,,4.80E+07,1.60E+08,2.10E+07,1.70E+01
sp|P19835|CEL_HUMAN,TGDPNMGDSAVPTHWEPYTTENSGYLEITKK,,,,TGDPNMGDSAVPTHWEPYTTENSGYLEITKK,494,524,,PeptidesInHumanMilk,,,3.00E+08,1.40E+08,2.20E+08,,4.70E+08,,
sp|P19835|CEL_HUMAN,TGDPNMGDSAVPTHWEPYTTENSGYLEITKKMGSSSMK,,,,TGDPNMGDSAVPTHWEPYTTENSGYLEITKKMGSSSMK,494,531,,PeptidesInHumanMilk,,,,,,,3.00E+07,,
sp|P19835|CEL_HUMAN,DSAVPTHWEPYTTENSGYLEITK,,,,DSAVPTHWEPYTTENSGYLEITK,501,523,,PeptidesInHumanMilk,,,,,3.40E+07,,,,6.00E+00
sp|Q13410|BT1A1_HUMAN,APFDVIGPPEPILA,,,,APFDVIGPPEPILA,27,40,,PeptidesInHumanMilk,,3.20E+06,,2.50E+06,,3.40E+06,,3.90E+06,
sp|Q13410|BT1A1_HUMAN,DVIGPPEPILA,,,,DVIGPPEPILA,30,40,,PeptidesInHumanMilk,,1.10E+06,2.30E+06,,,,3.10E+06,,
sp|Q13410|BT1A1_HUMAN,KKVSPAVLVHRDGREQEAEQMPEYR,,,,KKVSPAVLVHRDGREQEAEQMPEYR,68,92,,PeptidesInHumanMilk,,7.40E+07,6.70E+07,,7.50E+07,,,,
sp|Q13410|BT1A1_HUMAN,KVSPAVLVHRDGREQEAEQMPEYR,,,,KVSPAVLVHRDGREQEAEQMPEYR,69,92,,PeptidesInHumanMilk,,,3.70E+07,,3.50E+07,,,,
sp|Q13410|BT1A1_HUMAN,KVSPAVLVHRDGREQEAEQMPEYRGR,,,,KVSPAVLVHRDGREQEAEQMPEYRGR,69,94,,PeptidesInHumanMilk,,1.50E+07,,1.10E+07,,,,,1.90E+01
sp|Q13410|BT1A1_HUMAN,SPAVLVHRDGREQEAEQMPEY,,,,SPAVLVHRDGREQEAEQMPEY,71,91,,PeptidesInHumanMilk,,4.20E+07,,2.10E+07,3.60E+07,6.70E+07,,1.50E+07,
sp|Q13410|BT1A1_HUMAN,SPAVLVHRDGREQEAEQMPEYR,,,,SPAVLVHRDGREQEAEQMPEYR,71,92,,PeptidesInHumanMilk,,1.10E+08,1.70E+08,5.10E+07,4.70E+07,,,,6.20E+01
sp|Q13410|BT1A1_HUMAN,HRDGREQEAEQMPEYR,,,,HRDGREQEAEQMPEYR,77,92,,PeptidesInHumanMilk,,1.40E+07,2.30E+06,1.20E+07,2.90E+06,1.80E+07,8.70E+05,1.60E+07,
sp|Q13410|BT1A1_HUMAN,HRDGREQEAEQMPEYRG,,,,HRDGREQEAEQMPEYRG,77,93,,PeptidesInHumanMilk,,,,,,,,1.50E+06,
sp|Q13410|BT1A1_HUMAN,HRDGREQEAEQMPEYRGR,,,,HRDGREQEAEQMPEYRGR,77,94,,PeptidesInHumanMilk,,,3.20E+06,,4.10E+06,3.60E+06,1.80E+06,,4.40E+01
sp|Q13410|BT1A1_HUMAN,RDGREQEAEQMPEYR,,,,RDGREQEAEQMPEYR,78,92,,PeptidesInHumanMilk,,7.10E+05,3.60E+06,,,,2.30E+06,4.00E+06,
sp|Q13410|BT1A1_HUMAN,RDGREQEAEQMPEYRGR,,,,RDGREQEAEQMPEYRGR,78,94,,PeptidesInHumanMilk,,1.80E+06,4.20E+06,,1.00E+06,6.00E+05,2.10E+06,4.60E+06,
sp|Q13410|BT1A1_HUMAN,DGREQEAEQMPE,,,,DGREQEAEQMPE,79,90,,PeptidesInHumanMilk,,4.20E+07,1.90E+07,,3.10E+07,,1.60E+07,3.10E+07,3.70E+01
sp|Q13410|BT1A1_HUMAN,DGREQEAEQMPEY,,,,DGREQEAEQMPEY,79,91,,PeptidesInHumanMilk,,6.90E+07,1.80E+08,5.50E+07,2.60E+08,1.90E+06,2.70E+08,6.10E+07,3.70E+01
sp|Q13410|BT1A1_HUMAN,DGREQEAEQMPEYR,,,,DGREQEAEQMPEYR,79,92,,PeptidesInHumanMilk,,1.80E+09,1.80E+09,1.30E+09,1.90E+09,1.60E+08,1.70E+09,1.40E+09,1.80E+01
sp|Q13410|BT1A1_HUMAN,DGREQEAEQMPEYRG,,,,DGREQEAEQMPEYRG,79,93,,PeptidesInHumanMilk,,4.70E+07,1.00E+08,6.90E+07,7.60E+07,7.40E+07,1.40E+08,7.30E+07,9.40E+01
sp|Q13410|BT1A1_HUMAN,DGREQEAEQMPEYRGR,,,,DGREQEAEQMPEYRGR,79,94,,PeptidesInHumanMilk,,1.20E+09,1.40E+09,2.50E+08,1.60E+09,1.60E+09,8.90E+08,1.00E+09,1.50E+01
sp|Q13410|BT1A1_HUMAN,DGREQEAEQMPEYRGRAT,,,,DGREQEAEQMPEYRGRAT,79,96,,PeptidesInHumanMilk,,7.30E+06,1.30E+07,9.80E+06,1.20E+07,1.10E+07,1.20E+07,1.20E+07,1.30E+01
sp|Q13410|BT1A1_HUMAN,DGREQEAEQMPEYRGRATLVQDGIAKG,,,,DGREQEAEQMPEYRGRATLVQDGIAKG,79,105,,PeptidesInHumanMilk,,,,,,,1.80E+07,,2.70E+01
sp|Q13410|BT1A1_HUMAN,DGREQEAEQMPEYRGRATLVQDGIAKGR,,,,DGREQEAEQMPEYRGRATLVQDGIAKGR,79,106,,PeptidesInHumanMilk,,1.30E+08,,,1.40E+08,2.00E+08,2.40E+07,,2.60E+01
sp|Q13410|BT1A1_HUMAN,GREQEAEQMPEYR,,,,GREQEAEQMPEYR,80,92,,PeptidesInHumanMilk,,1.20E+06,2.40E+06,,1.70E+06,1.60E+06,1.60E+06,1.20E+06,1.90E+01
sp|Q13410|BT1A1_HUMAN,GREQEAEQMPEYRGR,,,,GREQEAEQMPEYRGR,80,94,,PeptidesInHumanMilk,,,1.50E+07,1.90E+06,1.10E+07,6.90E+06,6.70E+06,7.40E+06,1.60E+01
sp|Q13410|BT1A1_HUMAN,REQEAEQMPEYR,,,,REQEAEQMPEYR,81,92,,PeptidesInHumanMilk,,,,,,,,2.30E+06,
sp|Q13410|BT1A1_HUMAN,EQEAEQMPEYR,,,,EQEAEQMPEYR,82,92,,PeptidesInHumanMilk,,,,4.20E+06,8.70E+06,5.60E+06,,,6.00E+00
sp|Q13410|BT1A1_HUMAN,EQEAEQMPEYRGR,,,,EQEAEQMPEYRGR,82,94,,PeptidesInHumanMilk,,,5.90E+06,,,5.30E+06,,,5.50E+01
sp|Q13410|BT1A1_HUMAN,EAEQMPEYR,,,,EAEQMPEYR,84,92,,PeptidesInHumanMilk,,5.00E+06,,,6.30E+06,,,,
sp|Q13410|BT1A1_HUMAN,EQMPEYRGR,,,,EQMPEYRGR,86,94,,PeptidesInHumanMilk,,,7.20E+06,,6.60E+06,7.10E+06,,,
sp|Q13410|BT1A1_HUMAN,GRATLVQDGIAK,,,,GRATLVQDGIAK,93,104,,PeptidesInHumanMilk,,3.40E+07,4.20E+06,1.80E+07,7.10E+06,9.60E+06,,3.60E+07,4.80E+01
sp|Q13410|BT1A1_HUMAN,GRATLVQDGIAKGR,,,,GRATLVQDGIAKGR,93,106,,PeptidesInHumanMilk,,,,,1.80E+06,,1.20E+06,,3.30E+01
sp|Q13410|BT1A1_HUMAN,GRATLVQDGIAKGRVA,,,,GRATLVQDGIAKGRVA,93,108,,PeptidesInHumanMilk,,,1.00E+07,,2.10E+07,1.50E+07,9.10E+06,1.40E+07,2.30E+01
sp|Q13410|BT1A1_HUMAN,GRATLVQDGIAKGRVAL,,,,GRATLVQDGIAKGRVAL,93,109,,PeptidesInHumanMilk,,2.30E+06,,,4.80E+06,,,,4.80E+01
sp|Q13410|BT1A1_HUMAN,GRATLVQDGIAKGRVALR,,,,GRATLVQDGIAKGRVALR,93,110,,PeptidesInHumanMilk,,3.80E+06,,,,,5.00E+06,,
sp|Q13410|BT1A1_HUMAN,ATLVQDGIAK,,,,ATLVQDGIAK,95,104,,PeptidesInHumanMilk,,1.50E+07,1.40E+07,1.20E+07,2.10E+07,1.70E+07,1.30E+07,1.60E+07,1.90E+01
sp|Q13410|BT1A1_HUMAN,TLVQDGIAK,,,,TLVQDGIAK,96,104,,PeptidesInHumanMilk,,4.20E+07,3.50E+07,2.10E+07,6.20E+07,3.80E+07,1.60E+07,4.00E+07,5.80E+01
sp|Q13410|BT1A1_HUMAN,DGSYEEALVHLK,,,,DGSYEEALVHLK,129,140,,PeptidesInHumanMilk,,,,,1.90E+07,,1.10E+07,,2.10E+01
sp|Q13410|BT1A1_HUMAN,EISIPASSLPRLTPWIVA,,,,EISIPASSLPRLTPWIVA,232,249,,PeptidesInHumanMilk,,8.80E+06,,,,,1.70E+07,2.70E+06,9.30E+01
sp|Q13410|BT1A1_HUMAN,IPASSLPRL,,,,IPASSLPRL,235,243,,PeptidesInHumanMilk,,4.60E+06,2.20E+07,,,,,8.50E+06,
sp|Q13410|BT1A1_HUMAN,IPASSLPRLTPWI,,,,IPASSLPRLTPWI,235,247,,PeptidesInHumanMilk,,,,3.70E+06,,,,,
sp|Q13410|BT1A1_HUMAN,IPASSLPRLTPWIV,,,,IPASSLPRLTPWIV,235,248,,PeptidesInHumanMilk,,,3.40E+06,,,8.70E+06,4.30E+06,,9.50E+01
sp|Q13410|BT1A1_HUMAN,IPASSLPRLTPWIVA,,,,IPASSLPRLTPWIVA,235,249,,PeptidesInHumanMilk,,7.90E+06,1.60E+07,,1.50E+07,1.00E+07,1.90E+07,,1.10E+01
sp|Q13410|BT1A1_HUMAN,DVTLDPDTAHPHLF,,,,DVTLDPDTAHPHLF,304,317,,PeptidesInHumanMilk,,,,,,1.40E+06,,,3.60E+01
sp|Q13410|BT1A1_HUMAN,DPDTAHPHLFLYEDSK,,,,DPDTAHPHLFLYEDSK,308,323,,PeptidesInHumanMilk,,,,,,,,1.60E+07,5.30E+01
sp|Q13410|BT1A1_HUMAN,SVRLEDSRQKLPEK,,,,SVRLEDSRQKLPEK,324,337,,PeptidesInHumanMilk,,,2.10E+06,2.30E+06,1.60E+06,,2.90E+06,1.50E+07,1.10E+01
sp|Q13410|BT1A1_HUMAN,DGPERVTVIANAQDLS,,,,DGPERVTVIANAQDLS,477,492,,PeptidesInHumanMilk,,2.90E+06,,1.70E+07,5.50E+06,,1.40E+07,,
sp|Q13410|BT1A1_HUMAN,DGPERVTVIANAQDLSK,,,,DGPERVTVIANAQDLSK,477,493,,PeptidesInHumanMilk,,,,,,2.70E+06,4.00E+06,7.60E+06,
sp|Q13410|BT1A1_HUMAN,GPERVTVIANAQDLS,,,,GPERVTVIANAQDLS,478,492,,PeptidesInHumanMilk,,,,,,,,3.60E+06,
sp|Q13410|BT1A1_HUMAN,QDLSKEIPLSPMGEDSAPRDADTLH,,,,QDLSKEIPLSPMGEDSAPRDADTLH,489,513,,PeptidesInHumanMilk,,3.40E+07,,1.50E+07,4.10E+07,1.10E+08,,,1.50E+01
sp|Q13410|BT1A1_HUMAN,LSKEIPLSPMGEDSAPRDADTLH,,,,LSKEIPLSPMGEDSAPRDADTLH,491,513,,PeptidesInHumanMilk,,,,,,2.00E+07,,,4.10E+01
sp|Q13410|BT1A1_HUMAN,LSKEIPLSPMGEDSAPRDADTLHSKLIPTQPSQGAP,,,,LSKEIPLSPMGEDSAPRDADTLHSKLIPTQPSQGAP,491,526,,PeptidesInHumanMilk,,,,,,7.00E+07,,4.80E+07,4.00E+00
sp|Q13410|BT1A1_HUMAN,SKEIPLSPMGEDSAPRDADTLH,,,,SKEIPLSPMGEDSAPRDADTLH,492,513,,PeptidesInHumanMilk,,5.10E+06,,,,1.60E+07,,1.00E+07,2.10E+01
sp|Q13410|BT1A1_HUMAN,SKEIPLSPMGEDSAPRDADTLHSKLIPTQPSQGAP,,,,SKEIPLSPMGEDSAPRDADTLHSKLIPTQPSQGAP,492,526,,PeptidesInHumanMilk,,3.00E+07,,,,,,,
sp|Q13410|BT1A1_HUMAN,KEIPLSPMG,,,,KEIPLSPMG,493,501,,PeptidesInHumanMilk,,,,,,,,7.70E+06,
sp|Q13410|BT1A1_HUMAN,KEIPLSPMGEDS,,,,KEIPLSPMGEDS,493,504,,PeptidesInHumanMilk,,,,,1.40E+07,2.00E+07,6.90E+06,,5.00E+00
sp|Q13410|BT1A1_HUMAN,KEIPLSPMGEDSAPR,,,,KEIPLSPMGEDSAPR,493,507,,PeptidesInHumanMilk,,3.70E+07,1.90E+07,1.30E+07,4.80E+07,1.00E+08,4.70E+07,6.70E+07,1.70E+01
sp|Q13410|BT1A1_HUMAN,KEIPLSPMGEDSAPRD,,,,KEIPLSPMGEDSAPRD,493,508,,PeptidesInHumanMilk,,1.30E+07,2.20E+06,3.60E+06,1.50E+07,2.60E+07,8.70E+06,2.70E+07,7.70E+01
sp|Q13410|BT1A1_HUMAN,KEIPLSPMGEDSAPRDA,,,,KEIPLSPMGEDSAPRDA,493,509,,PeptidesInHumanMilk,,,,,,5.40E+06,,5.20E+06,
sp|Q13410|BT1A1_HUMAN,KEIPLSPMGEDSAPRDAD,,,,KEIPLSPMGEDSAPRDAD,493,510,,PeptidesInHumanMilk,,,,,,,,,1.80E+01
sp|Q13410|BT1A1_HUMAN,KEIPLSPMGEDSAPRDADTLH,,,,KEIPLSPMGEDSAPRDADTLH,493,513,,PeptidesInHumanMilk,,,1.30E+08,3.50E+08,3.10E+08,7.10E+08,3.80E+08,7.10E+08,4.00E+00
sp|Q13410|BT1A1_HUMAN,KEIPLSPMGEDSAPRDADTLHS,,,,KEIPLSPMGEDSAPRDADTLHS,493,514,,PeptidesInHumanMilk,,4.40E+07,,1.40E+07,4.50E+07,1.20E+08,9.50E+07,6.60E+07,
sp|Q13410|BT1A1_HUMAN,KEIPLSPMGEDSAPRDADTLHSK,,,,KEIPLSPMGEDSAPRDADTLHSK,493,515,,PeptidesInHumanMilk,,8.10E+07,4.90E+07,,3.70E+06,7.20E+06,1.40E+08,6.30E+07,4.90E+01
sp|Q13410|BT1A1_HUMAN,KEIPLSPMGEDSAPRDADTLHSKLIPTQPSQGAP,,,,KEIPLSPMGEDSAPRDADTLHSKLIPTQPSQGAP,493,526,,PeptidesInHumanMilk,,2.30E+08,2.50E+09,2.50E+09,4.20E+09,1.20E+10,5.60E+09,9.30E+09,2.30E+01
sp|Q13410|BT1A1_HUMAN,EIPLSPMGE,,,,EIPLSPMGE,494,502,,PeptidesInHumanMilk,,,,,,,4.80E+06,,2.70E+01
sp|Q13410|BT1A1_HUMAN,EIPLSPMGEDS,,,,EIPLSPMGEDS,494,504,,PeptidesInHumanMilk,,,,3.50E+06,1.40E+07,5.50E+07,1.90E+07,3.50E+07,7.30E+01
sp|Q13410|BT1A1_HUMAN,EIPLSPMGEDSAPRD,,,,EIPLSPMGEDSAPRD,494,508,,PeptidesInHumanMilk,,,,,,1.90E+07,,,3.40E+01
sp|Q13410|BT1A1_HUMAN,EIPLSPMGEDSAPRDADTLH,,,,EIPLSPMGEDSAPRDADTLH,494,513,,PeptidesInHumanMilk,,,,,,9.80E+08,,9.60E+06,1.40E+01
sp|Q13410|BT1A1_HUMAN,IPLSPMGEDS,,,,IPLSPMGEDS,495,504,,PeptidesInHumanMilk,,,,,1.70E+07,,,4.40E+07,6.70E+01
sp|Q13410|BT1A1_HUMAN,IPLSPMGEDSAPR,,,,IPLSPMGEDSAPR,495,507,,PeptidesInHumanMilk,,1.10E+08,6.70E+07,3.10E+07,1.20E+08,3.00E+08,1.90E+08,2.10E+08,4.60E+01
sp|Q13410|BT1A1_HUMAN,IPLSPMGEDSAPRD,,,,IPLSPMGEDSAPRD,495,508,,PeptidesInHumanMilk,,2.00E+07,,,2.70E+07,,2.70E+07,5.20E+07,1.10E+01
sp|Q13410|BT1A1_HUMAN,IPLSPMGEDSAPRDA,,,,IPLSPMGEDSAPRDA,495,509,,PeptidesInHumanMilk,,,,,,4.70E+06,,4.30E+06,8.40E+01
sp|Q13410|BT1A1_HUMAN,IPLSPMGEDSAPRDADT,,,,IPLSPMGEDSAPRDADT,495,511,,PeptidesInHumanMilk,,,,,,4.70E+06,,5.90E+06,9.70E+01
sp|Q13410|BT1A1_HUMAN,IPLSPMGEDSAPRDADTLH,,,,IPLSPMGEDSAPRDADTLH,495,513,,PeptidesInHumanMilk,,,,1.10E+08,2.30E+08,4.70E+08,,5.00E+08,9.20E+01
sp|Q13410|BT1A1_HUMAN,IPLSPMGEDSAPRDADTLHSK,,,,IPLSPMGEDSAPRDADTLHSK,495,515,,PeptidesInHumanMilk,,3.90E+06,2.80E+06,4.60E+06,8.10E+06,1.50E+07,,2.50E+07,4.00E+00
sp|Q13410|BT1A1_HUMAN,IPLSPMGEDSAPRDADTLHSKLIPTQPSQGAP,,,,IPLSPMGEDSAPRDADTLHSKLIPTQPSQGAP,495,526,,PeptidesInHumanMilk,,,,,,,,,
sp|Q13410|BT1A1_HUMAN,PLSPMGEDSAPR,,,,PLSPMGEDSAPR,496,507,,PeptidesInHumanMilk,,2.50E+06,,,,7.10E+06,1.00E+07,,
sp|Q13410|BT1A1_HUMAN,PLSPMGEDSAPRD,,,,PLSPMGEDSAPRD,496,508,,PeptidesInHumanMilk,,,9.60E+06,,2.20E+07,5.70E+07,2.90E+07,2.80E+07,9.80E+01
sp|Q13410|BT1A1_HUMAN,PLSPMGEDSAPRDADTLH,,,,PLSPMGEDSAPRDADTLH,496,513,,PeptidesInHumanMilk,,,,,,,,5.80E+06,6.20E+01
sp|Q13410|BT1A1_HUMAN,PLSPMGEDSAPRDADTLHSKLIPTQPSQGAP,,,,PLSPMGEDSAPRDADTLHSKLIPTQPSQGAP,496,526,,PeptidesInHumanMilk,,,,,,,5.40E+06,5.50E+06,
sp|Q13410|BT1A1_HUMAN,SPMGEDSAPRDADTLH,,,,SPMGEDSAPRDADTLH,498,513,,PeptidesInHumanMilk,,7.40E+06,,,1.10E+07,1.10E+06,,1.90E+07,4.00E+00
sp|Q13410|BT1A1_HUMAN,SPMGEDSAPRDADTLHSK,,,,SPMGEDSAPRDADTLHSK,498,515,,PeptidesInHumanMilk,,1.60E+06,1.20E+06,1.40E+06,2.40E+06,,,4.50E+06,1.10E+01
sp|Q13410|BT1A1_HUMAN,PMGEDSAPR,,,,PMGEDSAPR,499,507,,PeptidesInHumanMilk,,,,,,,,,7.90E+01
sp|Q13410|BT1A1_HUMAN,PMGEDSAPRDADTLH,,,,PMGEDSAPRDADTLH,499,513,,PeptidesInHumanMilk,,8.50E+06,,,1.50E+07,2.70E+07,1.60E+07,3.00E+07,6.20E+01
sp|Q13410|BT1A1_HUMAN,PMGEDSAPRDADTLHSKLIPTQPSQGAP,,,,PMGEDSAPRDADTLHSKLIPTQPSQGAP,499,526,,PeptidesInHumanMilk,,,,,,,,1.10E+07,2.60E+01
sp|Q13410|BT1A1_HUMAN,MGEDSAPRDADTLH,,,,MGEDSAPRDADTLH,500,513,,PeptidesInHumanMilk,,,,,,,,4.40E+06,9.70E+01
sp|Q13410|BT1A1_HUMAN,GEDSAPRDADTLH,,,,GEDSAPRDADTLH,501,513,,PeptidesInHumanMilk,,,,,,,,1.00E+07,2.30E+01
sp|Q13410|BT1A1_HUMAN,SAPRDADTLHSKLIPTQPSQGAP,,,,SAPRDADTLHSKLIPTQPSQGAP,504,526,,PeptidesInHumanMilk,,,9.10E+06,,,,,5.40E+07,2.60E+01
sp|Q13410|BT1A1_HUMAN,APRDADTLHSKLIPTQPSQGAP,,,,APRDADTLHSKLIPTQPSQGAP,505,526,,PeptidesInHumanMilk,,,5.00E+07,,,5.30E+07,1.50E+08,,8.20E+01
sp|Q13410|BT1A1_HUMAN,DADTLHSKLIP,,,,DADTLHSKLIP,508,518,,PeptidesInHumanMilk,,1.30E+07,1.80E+07,,2.60E+07,,,,
sp|Q13410|BT1A1_HUMAN,ADTLHSKLIPTQPSQGAP,,,,ADTLHSKLIPTQPSQGAP,509,526,,PeptidesInHumanMilk,,,,,,,1.30E+07,,2.30E+01
sp|Q13410|BT1A1_HUMAN,SKLIPTQPS,,,,SKLIPTQPS,514,522,,PeptidesInHumanMilk,,,,,,,,4.10E+07,
sp|Q13410|BT1A1_HUMAN,SKLIPTQPSQG,,,,SKLIPTQPSQG,514,524,,PeptidesInHumanMilk,,5.00E+07,,5.60E+07,,1.10E+08,,2.20E+08,1.90E+01
sp|Q13410|BT1A1_HUMAN,SKLIPTQPSQGAP,,,,SKLIPTQPSQGAP,514,526,,PeptidesInHumanMilk,,,,4.40E+08,,,1.10E+09,3.20E+06,2.00E+00
sp|Q13410|BT1A1_HUMAN,KLIPTQPS,,,,KLIPTQPS,515,522,,PeptidesInHumanMilk,,5.00E+06,,3.80E+06,,8.30E+06,2.20E+06,2.60E+07,2.60E+01
sp|Q13410|BT1A1_HUMAN,KLIPTQPSQG,,,,KLIPTQPSQG,515,524,,PeptidesInHumanMilk,,1.20E+07,1.90E+07,1.10E+07,1.30E+07,2.40E+07,1.80E+07,6.60E+07,7.90E+01
sp|Q13410|BT1A1_HUMAN,KLIPTQPSQGAP,,,,KLIPTQPSQGAP,515,526,,PeptidesInHumanMilk,,,1.30E+08,,,,,,
sp|Q13410|BT1A1_HUMAN,IPTQPSQGAP,,,,IPTQPSQGAP,517,526,,PeptidesInHumanMilk,,4.30E+07,,8.60E+07,,,2.00E+08,2.30E+08,
sp|P07498|CASK_HUMAN,VEVQNQKQPACHENDERPFYQ,,,,VEVQNQKQPACHENDERPFYQ,20,40,,PeptidesInHumanMilk,,,,,,,4.00E+06,,
sp|P07498|CASK_HUMAN,VEVQNQKQPACHENDERPFYQK,,,,VEVQNQKQPACHENDERPFYQK,20,41,,PeptidesInHumanMilk,,2.40E+06,3.00E+07,,,,4.80E+07,,
sp|P07498|CASK_HUMAN,RPAIAINNPYVPR,,,,RPAIAINNPYVPR,66,78,,PeptidesInHumanMilk,,,2.50E+06,,2.70E+06,,5.70E+06,,
sp|P07498|CASK_HUMAN,VVRPHAQIPQRQYLPNSHPPT,,,,VVRPHAQIPQRQYLPNSHPPT,86,106,,PeptidesInHumanMilk,,,,,2.00E+07,2.40E+07,,,2.50E+01
sp|P07498|CASK_HUMAN,IPQRQYLPNSHPPTVVR,,,,IPQRQYLPNSHPPTVVR,93,109,,PeptidesInHumanMilk,,3.20E+07,4.90E+07,,4.00E+07,5.90E+07,5.10E+07,,
sp|P07498|CASK_HUMAN,LPNSHPPTV,,,,LPNSHPPTV,99,107,,PeptidesInHumanMilk,,2.30E+06,,,,,,2.00E+06,
sp|P02788|TRFL_HUMAN,LRQAQEKFGKDKSPKFQL,,,,LRQAQEKFGKDKSPKFQL,290,307,,PeptidesInHumanMilk,,,,,1.00E+07,4.10E+07,1.80E+07,1.10E+07,9.10E+01
sp|P10451|OSTP_HUMAN,IPVKQADSGSSEEK,,,,IPVKQADSGSSEEK,17,30,,PeptidesInHumanMilk,,2.40E+07,,1.60E+07,,,,,
sp|P10451|OSTP_HUMAN,IPVKQADSGSSEEKQ,,,,IPVKQADSGSSEEKQ,17,31,,PeptidesInHumanMilk,,,3.10E+06,,,,,1.10E+07,
sp|P10451|OSTP_HUMAN,IPVKQADSGSSEEKQL,,,,IPVKQADSGSSEEKQL,17,32,,PeptidesInHumanMilk,,,,,,,,2.50E+07,
sp|P10451|OSTP_HUMAN,IPVKQADSGSSEEKQLY,,,,IPVKQADSGSSEEKQLY,17,33,,PeptidesInHumanMilk,,3.20E+07,1.50E+08,1.20E+07,,7.60E+07,4.70E+07,4.20E+07,
sp|P10451|OSTP_HUMAN,IPVKQADSGSSEEKQLYN,,,,IPVKQADSGSSEEKQLYN,17,34,,PeptidesInHumanMilk,,2.80E+07,1.20E+08,5.10E+07,,1.00E+08,5.60E+07,7.60E+06,
sp|P10451|OSTP_HUMAN,IPVKQADSGSSEEKQLYNK,,,,IPVKQADSGSSEEKQLYNK,17,35,,PeptidesInHumanMilk,,5.00E+08,7.30E+08,5.80E+08,8.20E+07,7.90E+08,6.00E+08,3.40E+08,1.10E+01
sp|P10451|OSTP_HUMAN,IPVKQADSGSSEEKQLYNKYPD,,,,IPVKQADSGSSEEKQLYNKYPD,17,38,,PeptidesInHumanMilk,,6.40E+07,3.40E+07,,,,,,1.50E+01
sp|P10451|OSTP_HUMAN,IPVKQADSGSSEEKQLYNKYPDA,,,,IPVKQADSGSSEEKQLYNKYPDA,17,39,,PeptidesInHumanMilk,,,,,,,,3.60E+08,
sp|P10451|OSTP_HUMAN,IPVKQADSGSSEEKQLYNKYPDAV,,,,IPVKQADSGSSEEKQLYNKYPDAV,17,40,,PeptidesInHumanMilk,,,,7.70E+07,5.50E+07,,,9.50E+08,
sp|P10451|OSTP_HUMAN,IPVKQADSGSSEEKQLYNKYPDAVA,,,,IPVKQADSGSSEEKQLYNKYPDAVA,17,41,,PeptidesInHumanMilk,,,5.90E+06,,,1.50E+07,,1.20E+07,
sp|P10451|OSTP_HUMAN,IPVKQADSGSSEEKQLYNKYPDAVAT,,,,IPVKQADSGSSEEKQLYNKYPDAVAT,17,42,,PeptidesInHumanMilk,,,6.50E+07,9.00E+07,9.60E+08,3.00E+07,4.00E+07,1.30E+10,1.40E+01
sp|P10451|OSTP_HUMAN,IPVKQADSGSSEEKQLYNKYPDAVATW,,,,IPVKQADSGSSEEKQLYNKYPDAVATW,17,43,,PeptidesInHumanMilk,,,,,,,,2.90E+08,
sp|P10451|OSTP_HUMAN,IPVKQADSGSSEEKQLYNKYPDAVATWLNPD,,,,IPVKQADSGSSEEKQLYNKYPDAVATWLNPD,17,47,,PeptidesInHumanMilk,,2.60E+08,1.50E+08,6.40E+07,3.90E+07,,1.40E+08,6.60E+07,7.40E+01
sp|P10451|OSTP_HUMAN,IPVKQADSGSSEEKQLYNKYPDAVATWLNPDPSQ,,,,IPVKQADSGSSEEKQLYNKYPDAVATWLNPDPSQ,17,50,,PeptidesInHumanMilk,,3.00E+08,1.10E+08,1.40E+08,5.90E+07,5.70E+08,3.70E+08,9.20E+07,7.30E+01
sp|P10451|OSTP_HUMAN,IPVKQADSGSSEEKQLYNKYPDAVATWLNPDPSQK,,,,IPVKQADSGSSEEKQLYNKYPDAVATWLNPDPSQK,17,51,,PeptidesInHumanMilk,,1.30E+09,1.50E+10,1.10E+10,1.50E+09,1.80E+10,1.50E+10,5.50E+09,2.20E+01
sp|P10451|OSTP_HUMAN,IPVKQADSGSSEEKQLYNKYPDAVATWLNPDPSQKQN,,,,IPVKQADSGSSEEKQLYNKYPDAVATWLNPDPSQKQN,17,53,,PeptidesInHumanMilk,,2.10E+08,3.90E+08,3.70E+08,2.10E+08,4.30E+08,5.90E+08,2.70E+08,3.20E+01
sp|P10451|OSTP_HUMAN,IPVKQADSGSSEEKQLYNKYPDAVATWLNPDPSQKQNL,,,,IPVKQADSGSSEEKQLYNKYPDAVATWLNPDPSQKQNL,17,54,,PeptidesInHumanMilk,,,,1.50E+07,,,,,
sp|P10451|OSTP_HUMAN,IPVKQADSGSSEEKQLYNKYPDAVATWLNPDPSQKQNLLAPQN,,,,IPVKQADSGSSEEKQLYNKYPDAVATWLNPDPSQKQNLLAPQN,17,59,,PeptidesInHumanMilk,,,3.30E+08,2.30E+08,,1.50E+08,4.40E+08,1.30E+08,1.70E+01
sp|P10451|OSTP_HUMAN,PVKQADSGSSEEKQLYNKYPDAVATWLNPDPSQK,,,,PVKQADSGSSEEKQLYNKYPDAVATWLNPDPSQK,18,51,,PeptidesInHumanMilk,,,5.40E+07,,,,4.10E+07,,
sp|P10451|OSTP_HUMAN,VKQADSGSSEEKQLYNKYPDA,,,,VKQADSGSSEEKQLYNKYPDA,19,39,,PeptidesInHumanMilk,,,,,,,,2.00E+07,
sp|P10451|OSTP_HUMAN,VKQADSGSSEEKQLYNKYPDAVAT,,,,VKQADSGSSEEKQLYNKYPDAVAT,19,42,,PeptidesInHumanMilk,,,1.30E+07,7.00E+07,2.10E+08,2.00E+07,4.10E+07,3.30E+08,3.80E+01
sp|P10451|OSTP_HUMAN,VKQADSGSSEEKQLYNKYPDAVATWLNPDPSQ,,,,VKQADSGSSEEKQLYNKYPDAVATWLNPDPSQ,19,50,,PeptidesInHumanMilk,,7.30E+06,6.30E+06,,,2.10E+07,7.30E+07,,
sp|P10451|OSTP_HUMAN,VKQADSGSSEEKQLYNKYPDAVATWLNPDPSQK,,,,VKQADSGSSEEKQLYNKYPDAVATWLNPDPSQK,19,51,,PeptidesInHumanMilk,,2.70E+08,8.10E+08,2.60E+08,2.50E+08,4.90E+08,9.10E+08,2.80E+08,4.00E+00
sp|P10451|OSTP_HUMAN,VKQADSGSSEEKQLYNKYPDAVATWLNPDPSQKQN,,,,VKQADSGSSEEKQLYNKYPDAVATWLNPDPSQKQN,19,53,,PeptidesInHumanMilk,,,,8.30E+06,,,2.70E+07,3.20E+07,8.30E+01
sp|P10451|OSTP_HUMAN,KQADSGSSEEKQLYNKYPDAVATWLNPDPSQK,,,,KQADSGSSEEKQLYNKYPDAVATWLNPDPSQK,20,51,,PeptidesInHumanMilk,,,,,,,9.00E+06,,
sp|P10451|OSTP_HUMAN,DSGSSEEKQLYNKYPDAVATWLNPDPSQ,,,,DSGSSEEKQLYNKYPDAVATWLNPDPSQ,23,50,,PeptidesInHumanMilk,,,,,,,4.60E+06,,
sp|P10451|OSTP_HUMAN,NKYPDAVATWLNPDPS,,,,NKYPDAVATWLNPDPS,34,49,,PeptidesInHumanMilk,,,,,,,5.80E+06,,
sp|P10451|OSTP_HUMAN,NKYPDAVATWLNPDPSQK,,,,NKYPDAVATWLNPDPSQK,34,51,,PeptidesInHumanMilk,,5.20E+07,,5.60E+07,7.00E+06,,1.10E+08,,
sp|P10451|OSTP_HUMAN,NKYPDAVATWLNPDPSQKQN,,,,NKYPDAVATWLNPDPSQKQN,34,53,,PeptidesInHumanMilk,,,1.50E+07,,,1.00E+07,,,
sp|P10451|OSTP_HUMAN,NKYPDAVATWLNPDPSQKQNL,,,,NKYPDAVATWLNPDPSQKQNL,34,54,,PeptidesInHumanMilk,,,2.10E+07,,,5.80E+06,2.80E+07,,
sp|P10451|OSTP_HUMAN,NKYPDAVATWLNPDPSQKQNLLAPQN,,,,NKYPDAVATWLNPDPSQKQNLLAPQN,34,59,,PeptidesInHumanMilk,,,,2.00E+07,,,,,
sp|P10451|OSTP_HUMAN,NKYPDAVATWLNPDPSQKQNLLAPQNAVSSEETNDFK,,,,NKYPDAVATWLNPDPSQKQNLLAPQNAVSSEETNDFK,34,70,,PeptidesInHumanMilk,,,,7.30E+06,,,,,
sp|P10451|OSTP_HUMAN,YPDAVATWLNPDPSQK,,,,YPDAVATWLNPDPSQK,36,51,,PeptidesInHumanMilk,,4.70E+06,1.00E+08,4.60E+07,,5.30E+07,5.90E+06,3.30E+07,
sp|P10451|OSTP_HUMAN,YPDAVATWLNPDPSQKQNLLAPQNAVSSEETNDFK,,,,YPDAVATWLNPDPSQKQNLLAPQNAVSSEETNDFK,36,70,,PeptidesInHumanMilk,,3.10E+07,1.00E+07,2.80E+07,,4.80E+07,1.80E+07,7.60E+06,
sp|P10451|OSTP_HUMAN,PDAVATWLNPDPSQKQNLLAPQNAVSSEETNDFK,,,,PDAVATWLNPDPSQKQNLLAPQNAVSSEETNDFK,37,70,,PeptidesInHumanMilk,,,,,,7.00E+06,2.30E+07,,
sp|P10451|OSTP_HUMAN,DAVATWLNPDPSQK,,,,DAVATWLNPDPSQK,38,51,,PeptidesInHumanMilk,,,2.40E+07,8.10E+06,,,,,3.40E+01
sp|P10451|OSTP_HUMAN,ATWLNPDPSQKQNLLAPQNAVSSEETNDFK,,,,ATWLNPDPSQKQNLLAPQNAVSSEETNDFK,41,70,,PeptidesInHumanMilk,,,,,,,,1.20E+07,
sp|P10451|OSTP_HUMAN,WLNPDPSQKQNLLAPQNAVSSEETNDFK,,,,WLNPDPSQKQNLLAPQNAVSSEETNDFK,43,70,,PeptidesInHumanMilk,,,,,,,,8.50E+06,
sp|P10451|OSTP_HUMAN,LNPDPSQKQNLLAPQNAVSSEETNDFK,,,,LNPDPSQKQNLLAPQNAVSSEETNDFK,44,70,,PeptidesInHumanMilk,,,,,,,,1.10E+08,
sp|P10451|OSTP_HUMAN,QNLLAPQNAVSSEETNDFK,,,,QNLLAPQNAVSSEETNDFK,52,70,,PeptidesInHumanMilk,,1.40E+08,1.60E+08,2.60E+08,4.10E+06,2.70E+08,9.30E+07,1.00E+08,
sp|P10451|OSTP_HUMAN,QNLLAPQNAVSSEETNDFKQETLPSK,,,,QNLLAPQNAVSSEETNDFKQETLPSK,52,77,,PeptidesInHumanMilk,,,,7.20E+07,,,,3.30E+07,
sp|P10451|OSTP_HUMAN,NLLAPQNAVSSEETNDFK,,,,NLLAPQNAVSSEETNDFK,53,70,,PeptidesInHumanMilk,,,4.20E+07,6.00E+07,,3.40E+07,1.80E+07,2.70E+06,
sp|P10451|OSTP_HUMAN,APQNAVSSEETNDFK,,,,APQNAVSSEETNDFK,56,70,,PeptidesInHumanMilk,,1.10E+07,2.60E+07,8.50E+06,,1.50E+07,2.40E+07,6.30E+06,
sp|P10451|OSTP_HUMAN,QETLPSKSNESHDHM,,,,QETLPSKSNESHDHM,71,85,,PeptidesInHumanMilk,,,,,,,,5.10E+06,
sp|P10451|OSTP_HUMAN,DMDDEDDDDHVDSQDSIDSNDSDDVDDTDDSHQS,,,,DMDDEDDDDHVDSQDSIDSNDSDDVDDTDDSHQS,87,120,,PeptidesInHumanMilk,,,,,,,,5.30E+06,
sp|P10451|OSTP_HUMAN,TYDGRGDSVVYGLR,,,,TYDGRGDSVVYGLR,155,168,,PeptidesInHumanMilk,,9.30E+07,,,,,6.20E+07,,
sp|P10451|OSTP_HUMAN,YDGRGDSVVYGLR,,,,YDGRGDSVVYGLR,156,168,,PeptidesInHumanMilk,,,2.90E+06,1.30E+06,,,4.20E+06,,
sp|P10451|OSTP_HUMAN,GRGDSVVYGLR,,,,GRGDSVVYGLR,158,168,,PeptidesInHumanMilk,,1.10E+07,4.90E+06,2.10E+06,,2.60E+06,5.30E+06,,
sp|P10451|OSTP_HUMAN,GRGDSVVYGLRSK,,,,GRGDSVVYGLRSK,158,170,,PeptidesInHumanMilk,,5.40E+06,2.40E+06,2.50E+06,,,,3.60E+06,
sp|P10451|OSTP_HUMAN,GDSVVYGLR,,,,GDSVVYGLR,160,168,,PeptidesInHumanMilk,,6.80E+06,,,,8.70E+06,,,3.90E+01
sp|P10451|OSTP_HUMAN,DSVVYGLR,,,,DSVVYGLR,161,168,,PeptidesInHumanMilk,,1.30E+07,,7.20E+06,,1.50E+07,2.20E+07,,
sp|P10451|OSTP_HUMAN,GLRSKSKKFRRPDIQYPDATDEDITSH,,,,GLRSKSKKFRRPDIQYPDATDEDITSH,166,192,,PeptidesInHumanMilk,,,,,,,,3.50E+07,
sp|P10451|OSTP_HUMAN,SKSKKFRRPDIQYPDATDEDIT,,,,SKSKKFRRPDIQYPDATDEDIT,169,190,,PeptidesInHumanMilk,,,,,,,5.70E+07,,
sp|P10451|OSTP_HUMAN,SKSKKFRRPDIQYPDATDEDITSH,,,,SKSKKFRRPDIQYPDATDEDITSH,169,192,,PeptidesInHumanMilk,,1.50E+08,8.50E+08,1.60E+08,5.00E+07,3.10E+08,9.60E+08,7.60E+08,6.10E+01
sp|P10451|OSTP_HUMAN,SKSKKFRRPDIQYPDATDEDITSHMESEELNGA,,,,SKSKKFRRPDIQYPDATDEDITSHMESEELNGA,169,201,,PeptidesInHumanMilk,,,,,1.40E+08,5.30E+08,1.90E+09,,1.20E+01
sp|P10451|OSTP_HUMAN,SKSKKFRRPDIQYPDATDEDITSHMESEELNGAY,,,,SKSKKFRRPDIQYPDATDEDITSHMESEELNGAY,169,202,,PeptidesInHumanMilk,,2.20E+09,1.80E+10,3.60E+08,1.90E+09,5.20E+09,1.20E+10,2.70E+08,5.70E+01
sp|P10451|OSTP_HUMAN,SKSKKFRRPDIQYPDATDEDITSHMESEELNGAYK,,,,SKSKKFRRPDIQYPDATDEDITSHMESEELNGAYK,169,203,,PeptidesInHumanMilk,,7.20E+10,1.70E+11,6.70E+10,1.80E+10,1.10E+11,1.90E+11,3.60E+10,2.20E+01
sp|P10451|OSTP_HUMAN,SKKFRRPDIQYPDATD,,,,SKKFRRPDIQYPDATD,171,186,,PeptidesInHumanMilk,,,,,,,1.00E+07,,
sp|P10451|OSTP_HUMAN,SKKFRRPDIQYPDATDEDITSH,,,,SKKFRRPDIQYPDATDEDITSH,171,192,,PeptidesInHumanMilk,,1.40E+07,6.30E+07,,2.70E+06,3.00E+07,8.00E+07,1.50E+08,9.90E+01
sp|P10451|OSTP_HUMAN,SKKFRRPDIQYPDATDEDITSHMESEELNGA,,,,SKKFRRPDIQYPDATDEDITSHMESEELNGA,171,201,,PeptidesInHumanMilk,,4.10E+07,4.70E+08,9.70E+07,,,4.60E+08,,
sp|P10451|OSTP_HUMAN,SKKFRRPDIQYPDATDEDITSHMESEELNGAY,,,,SKKFRRPDIQYPDATDEDITSHMESEELNGAY,171,202,,PeptidesInHumanMilk,,,6.70E+07,3.70E+08,,2.50E+09,2.00E+09,4.20E+08,
sp|P10451|OSTP_HUMAN,SKKFRRPDIQYPDATDEDITSHMESEELNGAYK,,,,SKKFRRPDIQYPDATDEDITSHMESEELNGAYK,171,203,,PeptidesInHumanMilk,,1.40E+10,3.70E+10,2.60E+10,1.30E+09,2.60E+10,2.10E+10,1.40E+10,2.80E+01
sp|P10451|OSTP_HUMAN,KKFRRPDIQYPDATDEDITSH,,,,KKFRRPDIQYPDATDEDITSH,172,192,,PeptidesInHumanMilk,,,2.60E+07,,,,4.10E+07,,
sp|P10451|OSTP_HUMAN,KKFRRPDIQYPDATDEDITSHMESEELNGAYK,,,,KKFRRPDIQYPDATDEDITSHMESEELNGAYK,172,203,,PeptidesInHumanMilk,,8.90E+07,1.30E+08,3.00E+07,7.30E+06,1.80E+08,2.20E+09,1.40E+08,
sp|P10451|OSTP_HUMAN,KFRRPDIQYPDATDEDITSH,,,,KFRRPDIQYPDATDEDITSH,173,192,,PeptidesInHumanMilk,,,,,,,1.20E+07,,
sp|P10451|OSTP_HUMAN,KFRRPDIQYPDATDEDITSHMESEELNGA,,,,KFRRPDIQYPDATDEDITSHMESEELNGA,173,201,,PeptidesInHumanMilk,,,3.60E+07,,,,,,
sp|P10451|OSTP_HUMAN,KFRRPDIQYPDATDEDITSHMESEELNGAY,,,,KFRRPDIQYPDATDEDITSHMESEELNGAY,173,202,,PeptidesInHumanMilk,,,,,2.30E+07,2.90E+07,,,
sp|P10451|OSTP_HUMAN,KFRRPDIQYPDATDEDITSHMESEELNGAYK,,,,KFRRPDIQYPDATDEDITSHMESEELNGAYK,173,203,,PeptidesInHumanMilk,,1.30E+09,3.10E+09,1.00E+09,2.50E+09,3.30E+09,2.70E+09,7.60E+08,2.00E+00
sp|P10451|OSTP_HUMAN,FRRPDIQYPDATDEDITSHMESEELNG,,,,FRRPDIQYPDATDEDITSHMESEELNG,174,200,,PeptidesInHumanMilk,,,9.40E+07,,,2.00E+07,1.60E+08,,
sp|P10451|OSTP_HUMAN,FRRPDIQYPDATDEDITSHMESEELNGA,,,,FRRPDIQYPDATDEDITSHMESEELNGA,174,201,,PeptidesInHumanMilk,,1.20E+08,4.30E+07,,,2.30E+08,2.30E+08,4.40E+07,2.00E+00
sp|P10451|OSTP_HUMAN,FRRPDIQYPDATDEDITSHMESEELNGAY,,,,FRRPDIQYPDATDEDITSHMESEELNGAY,174,202,,PeptidesInHumanMilk,,4.60E+08,7.70E+08,1.50E+08,4.50E+07,1.20E+09,1.50E+09,9.40E+07,4.80E+01
sp|P10451|OSTP_HUMAN,FRRPDIQYPDATDEDITSHMESEELNGAYK,,,,FRRPDIQYPDATDEDITSHMESEELNGAYK,174,203,,PeptidesInHumanMilk,,3.40E+09,1.40E+10,1.70E+10,2.30E+09,1.70E+10,1.20E+10,1.10E+10,5.10E+01
sp|P10451|OSTP_HUMAN,RRPDIQYPDATDEDITS,,,,RRPDIQYPDATDEDITS,175,191,,PeptidesInHumanMilk,,,1.70E+07,,,,2.60E+07,,
sp|P10451|OSTP_HUMAN,RRPDIQYPDATDEDITSH,,,,RRPDIQYPDATDEDITSH,175,192,,PeptidesInHumanMilk,,,1.20E+08,,,,2.10E+08,1.70E+08,
sp|P10451|OSTP_HUMAN,RRPDIQYPDATDEDITSHMESEE,,,,RRPDIQYPDATDEDITSHMESEE,175,197,,PeptidesInHumanMilk,,,4.30E+07,6.50E+06,,,6.20E+07,7.40E+06,
sp|P10451|OSTP_HUMAN,RRPDIQYPDATDEDITSHMESEELN,,,,RRPDIQYPDATDEDITSHMESEELN,175,199,,PeptidesInHumanMilk,,,1.30E+07,,,,2.40E+07,,
sp|P10451|OSTP_HUMAN,RRPDIQYPDATDEDITSHMESEELNG,,,,RRPDIQYPDATDEDITSHMESEELNG,175,200,,PeptidesInHumanMilk,,2.40E+07,5.60E+08,,,7.40E+07,5.30E+08,7.40E+07,
sp|P10451|OSTP_HUMAN,RRPDIQYPDATDEDITSHMESEELNGA,,,,RRPDIQYPDATDEDITSHMESEELNGA,175,201,,PeptidesInHumanMilk,,1.70E+08,1.80E+09,3.90E+07,3.70E+07,3.00E+08,1.60E+09,1.70E+08,
sp|P10451|OSTP_HUMAN,RRPDIQYPDATDEDITSHMESEELNGAY,,,,RRPDIQYPDATDEDITSHMESEELNGAY,175,202,,PeptidesInHumanMilk,,6.10E+08,4.30E+09,5.60E+08,3.90E+07,1.60E+09,3.90E+09,3.10E+08,3.40E+01
sp|P10451|OSTP_HUMAN,RRPDIQYPDATDEDITSHMESEELNGAYK,,,,RRPDIQYPDATDEDITSHMESEELNGAYK,175,203,,PeptidesInHumanMilk,,7.90E+09,5.20E+10,7.40E+09,1.70E+09,1.60E+10,5.70E+10,7.70E+09,1.60E+01
sp|P10451|OSTP_HUMAN,RPDIQYPDATD,,,,RPDIQYPDATD,176,186,,PeptidesInHumanMilk,,6.90E+06,1.70E+08,,,5.50E+07,5.50E+08,,2.20E+01
sp|P10451|OSTP_HUMAN,RPDIQYPDATDED,,,,RPDIQYPDATDED,176,188,,PeptidesInHumanMilk,,2.50E+07,4.90E+07,9.20E+06,7.90E+06,4.00E+07,9.70E+07,2.10E+07,1.10E+01
sp|P10451|OSTP_HUMAN,RPDIQYPDATDEDIT,,,,RPDIQYPDATDEDIT,176,190,,PeptidesInHumanMilk,,1.40E+08,9.50E+08,7.70E+07,,2.40E+08,1.10E+09,,
sp|P10451|OSTP_HUMAN,RPDIQYPDATDEDITS,,,,RPDIQYPDATDEDITS,176,191,,PeptidesInHumanMilk,,2.30E+07,1.50E+08,1.10E+07,,,1.80E+08,,
sp|P10451|OSTP_HUMAN,RPDIQYPDATDEDITSH,,,,RPDIQYPDATDEDITSH,176,192,,PeptidesInHumanMilk,,1.80E+08,1.80E+09,1.10E+08,4.30E+07,3.70E+08,2.30E+09,4.40E+08,2.00E+00
sp|P10451|OSTP_HUMAN,RPDIQYPDATDEDITSHME,,,,RPDIQYPDATDEDITSHME,176,194,,PeptidesInHumanMilk,,,1.80E+07,,,,,,
sp|P10451|OSTP_HUMAN,RPDIQYPDATDEDITSHMESEE,,,,RPDIQYPDATDEDITSHMESEE,176,197,,PeptidesInHumanMilk,,,,,,2.10E+07,9.00E+07,,
sp|P10451|OSTP_HUMAN,RPDIQYPDATDEDITSHMESEELNG,,,,RPDIQYPDATDEDITSHMESEELNG,176,200,,PeptidesInHumanMilk,,,1.10E+08,,,2.90E+07,1.90E+08,,
sp|P10451|OSTP_HUMAN,RPDIQYPDATDEDITSHMESEELNGA,,,,RPDIQYPDATDEDITSHMESEELNGA,176,201,,PeptidesInHumanMilk,,6.50E+07,2.00E+08,,,1.10E+08,3.30E+08,,
sp|P10451|OSTP_HUMAN,RPDIQYPDATDEDITSHMESEELNGAY,,,,RPDIQYPDATDEDITSHMESEELNGAY,176,202,,PeptidesInHumanMilk,,1.00E+09,2.00E+09,6.20E+08,8.90E+08,2.50E+09,3.70E+09,6.10E+08,1.50E+01
sp|P10451|OSTP_HUMAN,RPDIQYPDATDEDITSHMESEELNGAYK,,,,RPDIQYPDATDEDITSHMESEELNGAYK,176,203,,PeptidesInHumanMilk,,8.20E+09,2.40E+10,8.40E+09,9.40E+09,1.60E+10,2.80E+10,6.60E+09,1.40E+01
sp|P10451|OSTP_HUMAN,PDIQYPDATD,,,,PDIQYPDATD,177,186,,PeptidesInHumanMilk,,,,,,,6.30E+07,,
sp|P10451|OSTP_HUMAN,PDIQYPDATDEDITSHMESEELNG,,,,PDIQYPDATDEDITSHMESEELNG,177,200,,PeptidesInHumanMilk,,,2.10E+08,,,,2.90E+08,,
sp|P10451|OSTP_HUMAN,PDIQYPDATDEDITSHMESEELNGA,,,,PDIQYPDATDEDITSHMESEELNGA,177,201,,PeptidesInHumanMilk,,,,,,,2.60E+07,,
sp|P10451|OSTP_HUMAN,PDIQYPDATDEDITSHMESEELNGAY,,,,PDIQYPDATDEDITSHMESEELNGAY,177,202,,PeptidesInHumanMilk,,,1.60E+09,,,5.80E+07,2.20E+09,5.10E+07,8.70E+01
sp|P10451|OSTP_HUMAN,PDIQYPDATDEDITSHMESEELNGAYK,,,,PDIQYPDATDEDITSHMESEELNGAYK,177,203,,PeptidesInHumanMilk,,1.40E+09,1.70E+10,6.70E+07,6.70E+08,2.30E+09,1.20E+10,4.60E+08,8.70E+01
sp|P10451|OSTP_HUMAN,DIQYPDATDED,,,,DIQYPDATDED,178,188,,PeptidesInHumanMilk,,,3.30E+06,,,,2.10E+06,,
sp|P10451|OSTP_HUMAN,DIQYPDATDEDITSH,,,,DIQYPDATDEDITSH,178,192,,PeptidesInHumanMilk,,4.40E+07,6.40E+08,1.10E+08,8.80E+07,1.00E+08,9.40E+08,4.70E+07,1.50E+01
sp|P10451|OSTP_HUMAN,DIQYPDATDEDITSHMESEE,,,,DIQYPDATDEDITSHMESEE,178,197,,PeptidesInHumanMilk,,,,,,,1.10E+07,,
sp|P10451|OSTP_HUMAN,DIQYPDATDEDITSHMESEELNG,,,,DIQYPDATDEDITSHMESEELNG,178,200,,PeptidesInHumanMilk,,7.10E+06,9.80E+07,1.30E+07,,2.40E+07,6.00E+08,,
sp|P10451|OSTP_HUMAN,DIQYPDATDEDITSHMESEELNGAY,,,,DIQYPDATDEDITSHMESEELNGAY,178,202,,PeptidesInHumanMilk,,,6.00E+08,9.60E+07,5.90E+08,5.30E+08,1.90E+09,2.90E+08,1.10E+01
sp|P10451|OSTP_HUMAN,DIQYPDATDEDITSHMESEELNGAYK,,,,DIQYPDATDEDITSHMESEELNGAYK,178,203,,PeptidesInHumanMilk,,3.50E+08,1.10E+10,1.70E+09,4.50E+09,7.40E+08,1.70E+10,2.00E+09,2.20E+01
sp|P10451|OSTP_HUMAN,DIQYPDATDEDITSHMESEELNGAYKAIP,,,,DIQYPDATDEDITSHMESEELNGAYKAIP,178,206,,PeptidesInHumanMilk,,,,,5.80E+07,,5.40E+06,,
sp|P10451|OSTP_HUMAN,IQYPDATDEDITSH,,,,IQYPDATDEDITSH,179,192,,PeptidesInHumanMilk,,,,,,,5.10E+06,3.10E+06,
sp|P10451|OSTP_HUMAN,IQYPDATDEDITSHMESEELNG,,,,IQYPDATDEDITSHMESEELNG,179,200,,PeptidesInHumanMilk,,,2.10E+07,,,,,,
sp|P10451|OSTP_HUMAN,IQYPDATDEDITSHMESEELNGAY,,,,IQYPDATDEDITSHMESEELNGAY,179,202,,PeptidesInHumanMilk,,,1.10E+07,,4.20E+07,,4.00E+07,4.40E+06,7.30E+01
sp|P10451|OSTP_HUMAN,IQYPDATDEDITSHMESEELNGAYK,,,,IQYPDATDEDITSHMESEELNGAYK,179,203,,PeptidesInHumanMilk,,2.50E+08,1.70E+08,1.30E+08,2.00E+08,2.10E+08,2.70E+08,1.30E+08,4.10E+01
sp|P10451|OSTP_HUMAN,YPDATDEDITSH,,,,YPDATDEDITSH,181,192,,PeptidesInHumanMilk,,6.10E+06,6.00E+07,6.10E+06,3.50E+06,1.40E+07,2.10E+08,1.60E+07,4.80E+01
sp|P10451|OSTP_HUMAN,PDATDEDITSH,,,,PDATDEDITSH,182,192,,PeptidesInHumanMilk,,,1.90E+06,,,,2.10E+06,,
sp|P10451|OSTP_HUMAN,PDATDEDITSHMESEE,,,,PDATDEDITSHMESEE,182,197,,PeptidesInHumanMilk,,,2.30E+06,,,,4.30E+06,,
sp|P10451|OSTP_HUMAN,PDATDEDITSHMESEELNG,,,,PDATDEDITSHMESEELNG,182,200,,PeptidesInHumanMilk,,,1.10E+07,,,,1.70E+07,,
sp|P10451|OSTP_HUMAN,PDATDEDITSHMESEELNGAYK,,,,PDATDEDITSHMESEELNGAYK,182,203,,PeptidesInHumanMilk,,,3.30E+06,,,2.80E+06,,1.00E+06,
sp|P10451|OSTP_HUMAN,DATDEDITSH,,,,DATDEDITSH,183,192,,PeptidesInHumanMilk,,,1.60E+07,,2.80E+06,2.50E+06,4.30E+06,,5.50E+01
sp|P10451|OSTP_HUMAN,DATDEDITSHMESEELNGAYK,,,,DATDEDITSHMESEELNGAYK,183,203,,PeptidesInHumanMilk,,,,8.80E+07,,,,,
sp|P10451|OSTP_HUMAN,ATDEDITSHMESEELNGA,,,,ATDEDITSHMESEELNGA,184,201,,PeptidesInHumanMilk,,,2.20E+07,,,,2.60E+07,,
sp|P10451|OSTP_HUMAN,ATDEDITSHMESEELNGAYK,,,,ATDEDITSHMESEELNGAYK,184,203,,PeptidesInHumanMilk,,3.20E+07,8.80E+07,2.60E+07,,2.10E+06,1.10E+08,2.60E+07,
sp|P10451|OSTP_HUMAN,DEDITSHMESEELNGAYK,,,,DEDITSHMESEELNGAYK,186,203,,PeptidesInHumanMilk,,,8.90E+06,7.10E+07,,,1.40E+07,9.60E+07,
sp|P10451|OSTP_HUMAN,EDITSHME,,,,EDITSHME,187,194,,PeptidesInHumanMilk,,6.50E+06,4.30E+07,,2.20E+06,1.10E+07,6.60E+07,7.00E+06,
sp|P10451|OSTP_HUMAN,EDITSHMESEELNGAY,,,,EDITSHMESEELNGAY,187,202,,PeptidesInHumanMilk,,,,,,,1.10E+07,,
sp|P10451|OSTP_HUMAN,EDITSHMESEELNGAYK,,,,EDITSHMESEELNGAYK,187,203,,PeptidesInHumanMilk,,6.80E+06,2.20E+08,3.80E+06,,,4.10E+08,5.60E+06,2.20E+01
sp|P10451|OSTP_HUMAN,DITSHMESEELNGAYK,,,,DITSHMESEELNGAYK,188,203,,PeptidesInHumanMilk,,3.80E+06,1.10E+08,,,2.00E+07,9.10E+07,1.60E+07,
sp|P10451|OSTP_HUMAN,ITSHMESEELNGAYK,,,,ITSHMESEELNGAYK,189,203,,PeptidesInHumanMilk,,9.30E+06,8.10E+06,,,,6.10E+06,,1.60E+01
sp|P10451|OSTP_HUMAN,TSHMESEELNGAYK,,,,TSHMESEELNGAYK,190,203,,PeptidesInHumanMilk,,,7.50E+06,,,,,,
sp|P10451|OSTP_HUMAN,SHMESEELNGA,,,,SHMESEELNGA,191,201,,PeptidesInHumanMilk,,,,,,,4.90E+07,,
sp|P10451|OSTP_HUMAN,SHMESEELNGAY,,,,SHMESEELNGAY,191,202,,PeptidesInHumanMilk,,2.80E+06,1.70E+07,,,4.80E+06,2.90E+07,6.60E+06,
sp|P10451|OSTP_HUMAN,SHMESEELNGAYK,,,,SHMESEELNGAYK,191,203,,PeptidesInHumanMilk,,9.10E+06,6.00E+07,,,1.10E+07,7.90E+07,2.10E+07,
sp|P10451|OSTP_HUMAN,HMESEELNGAYK,,,,HMESEELNGAYK,192,203,,PeptidesInHumanMilk,,8.80E+06,6.60E+07,,,1.60E+07,1.10E+08,1.80E+07,6.00E+00
sp|P10451|OSTP_HUMAN,MESEELNGAYK,,,,MESEELNGAYK,193,203,,PeptidesInHumanMilk,,,4.60E+06,,,6.00E+06,3.80E+07,1.20E+08,5.70E+01
sp|P10451|OSTP_HUMAN,ESEELNGAYK,,,,ESEELNGAYK,194,203,,PeptidesInHumanMilk,,7.80E+06,7.90E+07,9.10E+06,4.20E+06,1.30E+07,7.40E+07,2.20E+07,5.50E+01
sp|P10451|OSTP_HUMAN,SEELNGAYK,,,,SEELNGAYK,195,203,,PeptidesInHumanMilk,,,1.00E+08,,,9.70E+06,4.80E+07,,
sp|P10451|OSTP_HUMAN,GAYKAIPVAQDLN,,,,GAYKAIPVAQDLN,200,212,,PeptidesInHumanMilk,,,,,,,4.80E+06,1.10E+07,
sp|P10451|OSTP_HUMAN,GAYKAIPVAQDLNAP,,,,GAYKAIPVAQDLNAP,200,214,,PeptidesInHumanMilk,,,,1.60E+07,,,,3.50E+07,
sp|P10451|OSTP_HUMAN,GAYKAIPVAQDLNAPS,,,,GAYKAIPVAQDLNAPS,200,215,,PeptidesInHumanMilk,,,,6.90E+06,,,,,
sp|P10451|OSTP_HUMAN,KAIPVAQDLNAPSDWDSRGKDSYETSQL,,,,KAIPVAQDLNAPSDWDSRGKDSYETSQL,203,230,,PeptidesInHumanMilk,,,,,,,,3.00E+07,
sp|P10451|OSTP_HUMAN,AIPVAQDLNAPS,,,,AIPVAQDLNAPS,204,215,,PeptidesInHumanMilk,,,3.50E+08,5.80E+07,2.00E+07,1.40E+08,5.40E+08,1.90E+08,3.80E+01
sp|P10451|OSTP_HUMAN,AIPVAQDLNAPSD,,,,AIPVAQDLNAPSD,204,216,,PeptidesInHumanMilk,,4.10E+07,8.70E+07,,,,1.80E+08,,
sp|P10451|OSTP_HUMAN,AIPVAQDLNAPSDWDSRG,,,,AIPVAQDLNAPSDWDSRG,204,221,,PeptidesInHumanMilk,,,5.80E+06,,,,,,
sp|P10451|OSTP_HUMAN,AIPVAQDLNAPSDWDSRGKDS,,,,AIPVAQDLNAPSDWDSRGKDS,204,224,,PeptidesInHumanMilk,,,4.70E+06,,,,5.70E+06,,
sp|P10451|OSTP_HUMAN,AIPVAQDLNAPSDWDSRGKDSYETSQL,,,,AIPVAQDLNAPSDWDSRGKDSYETSQL,204,230,,PeptidesInHumanMilk,,,5.30E+07,6.10E+07,1.10E+08,8.80E+07,1.60E+08,3.00E+08,2.00E+00
sp|P10451|OSTP_HUMAN,AIPVAQDLNAPSDWDSRGKDSYETSQLD,,,,AIPVAQDLNAPSDWDSRGKDSYETSQLD,204,231,,PeptidesInHumanMilk,,1.10E+07,5.00E+07,,,6.60E+07,1.20E+08,,7.40E+01
sp|P10451|OSTP_HUMAN,AIPVAQDLNAPSDWDSRGKDSYETSQLDD,,,,AIPVAQDLNAPSDWDSRGKDSYETSQLDD,204,232,,PeptidesInHumanMilk,,,,,,,,,
sp|P10451|OSTP_HUMAN,AIPVAQDLNAPSDWDSRGKDSYETSQLDDQSAETHSH,,,,AIPVAQDLNAPSDWDSRGKDSYETSQLDDQSAETHSH,204,240,,PeptidesInHumanMilk,,,3.10E+09,2.20E+09,8.90E+08,1.10E+08,5.80E+05,2.40E+07,
sp|P10451|OSTP_HUMAN,AIPVAQDLNAPSDWDSRGKDSYETSQLDDQSAETHSHK,,,,AIPVAQDLNAPSDWDSRGKDSYETSQLDDQSAETHSHK,204,241,,PeptidesInHumanMilk,,3.20E+10,2.30E+09,4.00E+10,1.50E+09,8.00E+09,4.20E+10,3.90E+09,2.30E+01
sp|P10451|OSTP_HUMAN,AIPVAQDLNAPSDWDSRGKDSYETSQLDDQSAETHSHKQS,,,,AIPVAQDLNAPSDWDSRGKDSYETSQLDDQSAETHSHKQS,204,243,,PeptidesInHumanMilk,,1.60E+08,4.90E+08,7.90E+07,1.30E+08,,,5.70E+07,6.80E+01
sp|P10451|OSTP_HUMAN,AIPVAQDLNAPSDWDSRGKDSYETSQLDDQSAETHSHKQSR,,,,AIPVAQDLNAPSDWDSRGKDSYETSQLDDQSAETHSHKQSR,204,244,,PeptidesInHumanMilk,,,5.10E+09,,,,,,
sp|P10451|OSTP_HUMAN,AIPVAQDLNAPSDWDSRGKDSYETSQLDDQSAETHSHKQSRLY,,,,AIPVAQDLNAPSDWDSRGKDSYETSQLDDQSAETHSHKQSRLY,204,246,,PeptidesInHumanMilk,,3.20E+10,7.00E+08,2.20E+08,1.80E+09,7.40E+09,2.50E+10,6.90E+08,
sp|P10451|OSTP_HUMAN,IPVAQDLNAPS,,,,IPVAQDLNAPS,205,215,,PeptidesInHumanMilk,,7.00E+07,,7.10E+07,2.90E+07,1.20E+08,,7.70E+07,3.00E+00
sp|P10451|OSTP_HUMAN,IPVAQDLNAPSD,,,,IPVAQDLNAPSD,205,216,,PeptidesInHumanMilk,,,,,,5.70E+06,8.00E+07,,
sp|P10451|OSTP_HUMAN,IPVAQDLNAPSDWD,,,,IPVAQDLNAPSDWD,205,218,,PeptidesInHumanMilk,,,5.40E+06,,,,5.80E+06,,
sp|P10451|OSTP_HUMAN,IPVAQDLNAPSDWDSR,,,,IPVAQDLNAPSDWDSR,205,220,,PeptidesInHumanMilk,,1.40E+07,1.50E+07,2.20E+07,,,4.00E+07,,
sp|P10451|OSTP_HUMAN,IPVAQDLNAPSDWDSRGK,,,,IPVAQDLNAPSDWDSRGK,205,222,,PeptidesInHumanMilk,,,1.80E+07,,,,1.90E+07,,
sp|P10451|OSTP_HUMAN,IPVAQDLNAPSDWDSRGKDS,,,,IPVAQDLNAPSDWDSRGKDS,205,224,,PeptidesInHumanMilk,,4.20E+07,5.60E+08,5.70E+07,,2.10E+07,1.30E+07,,
sp|P10451|OSTP_HUMAN,IPVAQDLNAPSDWDSRGKDSYETSQLDDQSAETHSH,,,,IPVAQDLNAPSDWDSRGKDSYETSQLDDQSAETHSH,205,240,,PeptidesInHumanMilk,,,8.30E+07,,,,2.00E+08,,
sp|P10451|OSTP_HUMAN,IPVAQDLNAPSDWDSRGKDSYETSQLDDQSAETHSHK,,,,IPVAQDLNAPSDWDSRGKDSYETSQLDDQSAETHSHK,205,241,,PeptidesInHumanMilk,,,3.20E+08,,,,4.90E+08,,
sp|P10451|OSTP_HUMAN,IPVAQDLNAPSDWDSRGKDSYETSQLDDQSAETHSHKQS,,,,IPVAQDLNAPSDWDSRGKDSYETSQLDDQSAETHSHKQS,205,243,,PeptidesInHumanMilk,,,7.70E+07,,,,3.40E+08,,
sp|P10451|OSTP_HUMAN,IPVAQDLNAPSDWDSRGKDSYETSQLDDQSAETHSHKQSRLY,,,,IPVAQDLNAPSDWDSRGKDSYETSQLDDQSAETHSHKQSRLY,205,246,,PeptidesInHumanMilk,,,1.40E+08,,,,2.60E+08,,
sp|P10451|OSTP_HUMAN,PVAQDLNAPSDWDSR,,,,PVAQDLNAPSDWDSR,206,220,,PeptidesInHumanMilk,,,2.30E+06,,,,,,
sp|P10451|OSTP_HUMAN,PVAQDLNAPSDWDSRGKDS,,,,PVAQDLNAPSDWDSRGKDS,206,224,,PeptidesInHumanMilk,,,1.20E+07,,,,8.30E+06,,
sp|P10451|OSTP_HUMAN,PVAQDLNAPSDWDSRGKDSYETSQLDDQSAETHSH,,,,PVAQDLNAPSDWDSRGKDSYETSQLDDQSAETHSH,206,240,,PeptidesInHumanMilk,,,,,,,3.60E+07,,
sp|P10451|OSTP_HUMAN,PVAQDLNAPSDWDSRGKDSYETSQLDDQSAETHSHK,,,,PVAQDLNAPSDWDSRGKDSYETSQLDDQSAETHSHK,206,241,,PeptidesInHumanMilk,,,1.50E+08,7.00E+07,,,1.50E+08,,
sp|P10451|OSTP_HUMAN,PVAQDLNAPSDWDSRGKDSYETSQLDDQSAETHSHKQS,,,,PVAQDLNAPSDWDSRGKDSYETSQLDDQSAETHSHKQS,206,243,,PeptidesInHumanMilk,,,1.20E+08,,,,,,
sp|P10451|OSTP_HUMAN,PVAQDLNAPSDWDSRGKDSYETSQLDDQSAETHSHKQSRLY,,,,PVAQDLNAPSDWDSRGKDSYETSQLDDQSAETHSHKQSRLY,206,246,,PeptidesInHumanMilk,,3.60E+07,3.60E+08,4.10E+07,,5.70E+07,3.80E+08,,4.00E+00
sp|P10451|OSTP_HUMAN,VAQDLNAPSDWDSRGKDSYETSQLDDQSAETHSH,,,,VAQDLNAPSDWDSRGKDSYETSQLDDQSAETHSH,207,240,,PeptidesInHumanMilk,,,,,,,3.20E+07,,
sp|P10451|OSTP_HUMAN,VAQDLNAPSDWDSRGKDSYETSQLDDQSAETHSHK,,,,VAQDLNAPSDWDSRGKDSYETSQLDDQSAETHSHK,207,241,,PeptidesInHumanMilk,,,2.20E+07,,,,3.90E+08,,
sp|P10451|OSTP_HUMAN,VAQDLNAPSDWDSRGKDSYETSQLDDQSAETHSHKQ,,,,VAQDLNAPSDWDSRGKDSYETSQLDDQSAETHSHKQ,207,242,,PeptidesInHumanMilk,,,2.20E+07,,,,3.60E+07,,
sp|P10451|OSTP_HUMAN,VAQDLNAPSDWDSRGKDSYETSQLDDQSAETHSHKQS,,,,VAQDLNAPSDWDSRGKDSYETSQLDDQSAETHSHKQS,207,243,,PeptidesInHumanMilk,,2.20E+07,3.30E+07,,,,5.10E+08,,
sp|P10451|OSTP_HUMAN,VAQDLNAPSDWDSRGKDSYETSQLDDQSAETHSHKQSRLY,,,,VAQDLNAPSDWDSRGKDSYETSQLDDQSAETHSHKQSRLY,207,246,,PeptidesInHumanMilk,,2.40E+07,1.70E+08,,5.40E+07,,8.30E+08,2.90E+07,
sp|P10451|OSTP_HUMAN,AQDLNAPSDWDSRGKDSYETSQLDDQSAETHSH,,,,AQDLNAPSDWDSRGKDSYETSQLDDQSAETHSH,208,240,,PeptidesInHumanMilk,,,,,,,,3.90E+07,
sp|P10451|OSTP_HUMAN,AQDLNAPSDWDSRGKDSYETSQLDDQSAETHSHKQS,,,,AQDLNAPSDWDSRGKDSYETSQLDDQSAETHSHKQS,208,243,,PeptidesInHumanMilk,,,,,2.20E+07,,,1.80E+07,2.90E+01
sp|P10451|OSTP_HUMAN,AQDLNAPSDWDSRGKDSYETSQLDDQSAETHSHKQSRLY,,,,AQDLNAPSDWDSRGKDSYETSQLDDQSAETHSHKQSRLY,208,246,,PeptidesInHumanMilk,,,6.60E+07,1.20E+08,,,7.50E+07,2.60E+08,1.90E+01
sp|P10451|OSTP_HUMAN,AQDLNAPSDWDSRGKDSYETSQLDDQSAETHSHKQSRLYK,,,,AQDLNAPSDWDSRGKDSYETSQLDDQSAETHSHKQSRLYK,208,247,,PeptidesInHumanMilk,,,6.10E+07,1.90E+07,,,8.80E+07,1.10E+08,1.60E+01
sp|P10451|OSTP_HUMAN,DLNAPSDWDSRGKDSYETSQL,,,,DLNAPSDWDSRGKDSYETSQL,210,230,,PeptidesInHumanMilk,,,,,,,,3.10E+06,
sp|P10451|OSTP_HUMAN,DLNAPSDWDSRGKDSYETSQLDDQSAETHSHKQS,,,,DLNAPSDWDSRGKDSYETSQLDDQSAETHSHKQS,210,243,,PeptidesInHumanMilk,,,7.60E+07,,,,1.70E+08,4.10E+07,
sp|P10451|OSTP_HUMAN,LNAPSDWDSRGKDSYETSQLDDQSAETHSHKQSRLY,,,,LNAPSDWDSRGKDSYETSQLDDQSAETHSHKQSRLY,211,246,,PeptidesInHumanMilk,,5.00E+07,6.20E+07,,3.40E+07,,7.90E+07,,
sp|P10451|OSTP_HUMAN,NAPSDWDSRGKDSYETSQLDDQSAETHSHKQSRLY,,,,NAPSDWDSRGKDSYETSQLDDQSAETHSHKQSRLY,212,246,,PeptidesInHumanMilk,,,,,,6.10E+07,1.10E+08,,
sp|P10451|OSTP_HUMAN,SDWDSRGKDSYETSQLDDQSAETHSHKQS,,,,SDWDSRGKDSYETSQLDDQSAETHSHKQS,215,243,,PeptidesInHumanMilk,,,7.00E+06,,,,1.40E+07,,
sp|P10451|OSTP_HUMAN,DWDSRGKDSYETSQLDDQSAETHS,,,,DWDSRGKDSYETSQLDDQSAETHS,216,239,,PeptidesInHumanMilk,,,,,,,2.80E+07,,
sp|P10451|OSTP_HUMAN,DWDSRGKDSYETSQLDDQSAETHSH,,,,DWDSRGKDSYETSQLDDQSAETHSH,216,240,,PeptidesInHumanMilk,,4.20E+07,3.10E+08,4.50E+07,,1.40E+08,2.40E+08,1.10E+07,
sp|P10451|OSTP_HUMAN,DWDSRGKDSYETSQLDDQSAETHSHK,,,,DWDSRGKDSYETSQLDDQSAETHSHK,216,241,,PeptidesInHumanMilk,,8.80E+07,1.20E+09,8.10E+07,,3.10E+08,4.10E+08,4.90E+07,
sp|P10451|OSTP_HUMAN,DWDSRGKDSYETSQLDDQSAETHSHKQ,,,,DWDSRGKDSYETSQLDDQSAETHSHKQ,216,242,,PeptidesInHumanMilk,,,,,,,8.70E+06,,
sp|P10451|OSTP_HUMAN,DWDSRGKDSYETSQLDDQSAETHSHKQS,,,,DWDSRGKDSYETSQLDDQSAETHSHKQS,216,243,,PeptidesInHumanMilk,,8.90E+07,1.90E+09,7.10E+07,2.90E+07,6.20E+08,2.20E+09,1.80E+07,
sp|P10451|OSTP_HUMAN,DWDSRGKDSYETSQLDDQSAETHSHKQSR,,,,DWDSRGKDSYETSQLDDQSAETHSHKQSR,216,244,,PeptidesInHumanMilk,,,3.50E+07,,,,4.10E+07,,
sp|P10451|OSTP_HUMAN,DWDSRGKDSYETSQLDDQSAETHSHKQSRLY,,,,DWDSRGKDSYETSQLDDQSAETHSHKQSRLY,216,246,,PeptidesInHumanMilk,,1.90E+08,4.10E+08,4.30E+07,1.20E+07,2.90E+08,4.20E+09,,4.10E+01
sp|P10451|OSTP_HUMAN,DWDSRGKDSYETSQLDDQSAETHSHKQSRLYK,,,,DWDSRGKDSYETSQLDDQSAETHSHKQSRLYK,216,247,,PeptidesInHumanMilk,,,2.00E+07,,,,1.10E+07,,
sp|P10451|OSTP_HUMAN,WDSRGKDSYETSQLDDQSAETHSHKQS,,,,WDSRGKDSYETSQLDDQSAETHSHKQS,217,243,,PeptidesInHumanMilk,,,2.70E+06,,,,9.60E+06,,
sp|P10451|OSTP_HUMAN,SRGKDSYETSQLDDQSAETHSHKQS,,,,SRGKDSYETSQLDDQSAETHSHKQS,219,243,,PeptidesInHumanMilk,,,,,,3.70E+06,,,
sp|P10451|OSTP_HUMAN,GKDSYETSQLDDQSAETHSH,,,,GKDSYETSQLDDQSAETHSH,221,240,,PeptidesInHumanMilk,,2.20E+06,,,,2.90E+06,,,
sp|P10451|OSTP_HUMAN,GKDSYETSQLDDQSAETHSHK,,,,GKDSYETSQLDDQSAETHSHK,221,241,,PeptidesInHumanMilk,,4.80E+07,2.70E+07,4.80E+07,5.40E+06,4.50E+07,2.00E+07,2.90E+07,
sp|P10451|OSTP_HUMAN,GKDSYETSQLDDQSAETHSHKQS,,,,GKDSYETSQLDDQSAETHSHKQS,221,243,,PeptidesInHumanMilk,,7.70E+06,2.90E+07,,3.50E+06,5.50E+06,1.40E+07,,
sp|P10451|OSTP_HUMAN,GKDSYETSQLDDQSAETHSHKQSR,,,,GKDSYETSQLDDQSAETHSHKQSR,221,244,,PeptidesInHumanMilk,,4.30E+06,,5.10E+06,,,,,
sp|P10451|OSTP_HUMAN,GKDSYETSQLDDQSAETHSHKQSRLY,,,,GKDSYETSQLDDQSAETHSHKQSRLY,221,246,,PeptidesInHumanMilk,,6.50E+06,1.90E+07,6.70E+06,,9.30E+06,1.40E+08,2.40E+07,
sp|P10451|OSTP_HUMAN,GKDSYETSQLDDQSAETHSHKQSRLYK,,,,GKDSYETSQLDDQSAETHSHKQSRLYK,221,247,,PeptidesInHumanMilk,,3.50E+07,7.20E+07,4.50E+07,,2.90E+07,3.80E+07,2.40E+07,
sp|P10451|OSTP_HUMAN,KDSYETSQLDDQSAETHSHK,,,,KDSYETSQLDDQSAETHSHK,222,241,,PeptidesInHumanMilk,,4.10E+06,,3.20E+06,,4.70E+06,,,
sp|P10451|OSTP_HUMAN,KDSYETSQLDDQSAETHSHKQS,,,,KDSYETSQLDDQSAETHSHKQS,222,243,,PeptidesInHumanMilk,,,2.10E+06,,,,,,
sp|P10451|OSTP_HUMAN,DSYETSQLDDQSAETHSHK,,,,DSYETSQLDDQSAETHSHK,223,241,,PeptidesInHumanMilk,,,3.20E+06,8.10E+06,,8.80E+06,8.80E+06,6.20E+06,
sp|P10451|OSTP_HUMAN,DSYETSQLDDQSAETHSHKQS,,,,DSYETSQLDDQSAETHSHKQS,223,243,,PeptidesInHumanMilk,,1.70E+06,9.60E+06,3.10E+06,,2.30E+06,8.20E+06,3.80E+06,
sp|P10451|OSTP_HUMAN,DSYETSQLDDQSAETHSHKQSRLYK,,,,DSYETSQLDDQSAETHSHKQSRLYK,223,247,,PeptidesInHumanMilk,,,1.50E+07,,,,,,
sp|P10451|OSTP_HUMAN,SYETSQLDDQSAETHSHKQS,,,,SYETSQLDDQSAETHSHKQS,224,243,,PeptidesInHumanMilk,,1.90E+06,8.30E+06,,,,3.50E+06,2.70E+06,
sp|P10451|OSTP_HUMAN,YETSQLDDQSAETHSHK,,,,YETSQLDDQSAETHSHK,225,241,,PeptidesInHumanMilk,,,9.30E+06,3.60E+06,,,,4.50E+06,
sp|P10451|OSTP_HUMAN,YETSQLDDQSAETHSHKQS,,,,YETSQLDDQSAETHSHKQS,225,243,,PeptidesInHumanMilk,,5.40E+06,2.70E+07,5.30E+06,,2.80E+06,7.80E+06,9.80E+06,1.70E+01
sp|P10451|OSTP_HUMAN,YETSQLDDQSAETHSHKQSR,,,,YETSQLDDQSAETHSHKQSR,225,244,,PeptidesInHumanMilk,,,2.20E+06,4.00E+06,,7.60E+05,,7.70E+06,
sp|P10451|OSTP_HUMAN,YETSQLDDQSAETHSHKQSRLY,,,,YETSQLDDQSAETHSHKQSRLY,225,246,,PeptidesInHumanMilk,,4.10E+07,1.90E+08,3.30E+07,,,1.80E+08,4.60E+06,
sp|P10451|OSTP_HUMAN,YETSQLDDQSAETHSHKQSRLYK,,,,YETSQLDDQSAETHSHKQSRLYK,225,247,,PeptidesInHumanMilk,,,9.50E+07,1.90E+06,,1.20E+07,2.50E+07,9.30E+06,
sp|P10451|OSTP_HUMAN,ETSQLDDQSAETHSHKQSRLY,,,,ETSQLDDQSAETHSHKQSRLY,226,246,,PeptidesInHumanMilk,,1.20E+07,1.10E+08,,,1.40E+07,1.60E+07,4.60E+06,
sp|P10451|OSTP_HUMAN,YKRKANDESNEHSDVIDSQELSK,,,,YKRKANDESNEHSDVIDSQELSK,246,268,,PeptidesInHumanMilk,,3.10E+06,2.50E+07,3.60E+06,,,2.00E+07,2.70E+06,
sp|P10451|OSTP_HUMAN,KRKANDESNEHSDVIDSQELSK,,,,KRKANDESNEHSDVIDSQELSK,247,268,,PeptidesInHumanMilk,,,2.10E+07,,,,1.60E+07,,
sp|P10451|OSTP_HUMAN,RKANDESNEHSDVIDSQELSK,,,,RKANDESNEHSDVIDSQELSK,248,268,,PeptidesInHumanMilk,,1.60E+08,5.10E+08,1.90E+08,1.70E+07,2.70E+08,3.80E+08,1.60E+08,2.00E+00
sp|P10451|OSTP_HUMAN,RKANDESNEHSDVIDSQELSKVS,,,,RKANDESNEHSDVIDSQELSKVS,248,270,,PeptidesInHumanMilk,,1.80E+07,4.40E+07,,,6.60E+07,5.50E+08,2.40E+07,
sp|P10451|OSTP_HUMAN,RKANDESNEHSDVIDSQELSKVSREF,,,,RKANDESNEHSDVIDSQELSKVSREF,248,273,,PeptidesInHumanMilk,,,,,,5.60E+07,1.40E+08,,
sp|P10451|OSTP_HUMAN,KANDESNEHSDVIDSQELSK,,,,KANDESNEHSDVIDSQELSK,249,268,,PeptidesInHumanMilk,,6.80E+06,1.70E+08,7.80E+07,,9.40E+06,1.50E+08,8.10E+06,
sp|P10451|OSTP_HUMAN,KANDESNEHSDVIDSQELSKVS,,,,KANDESNEHSDVIDSQELSKVS,249,270,,PeptidesInHumanMilk,,,,,,4.20E+06,5.80E+07,,
sp|P10451|OSTP_HUMAN,KANDESNEHSDVIDSQELSKVSR,,,,KANDESNEHSDVIDSQELSKVSR,249,271,,PeptidesInHumanMilk,,,,,,,8.00E+06,,
sp|P10451|OSTP_HUMAN,KANDESNEHSDVIDSQELSKVSREF,,,,KANDESNEHSDVIDSQELSKVSREF,249,273,,PeptidesInHumanMilk,,,,,,,6.70E+07,,
sp|P10451|OSTP_HUMAN,ANDESNEHSDVIDSQELSK,,,,ANDESNEHSDVIDSQELSK,250,268,,PeptidesInHumanMilk,,4.00E+06,1.10E+08,2.20E+07,,3.60E+06,7.50E+07,,
sp|P10451|OSTP_HUMAN,ANDESNEHSDVIDSQELSKVS,,,,ANDESNEHSDVIDSQELSKVS,250,270,,PeptidesInHumanMilk,,,,,,,2.20E+07,,
sp|P10451|OSTP_HUMAN,NDESNEHSDVIDSQELS,,,,NDESNEHSDVIDSQELS,251,267,,PeptidesInHumanMilk,,,,,,,1.30E+07,,
sp|P10451|OSTP_HUMAN,NDESNEHSDVIDSQELSK,,,,NDESNEHSDVIDSQELSK,251,268,,PeptidesInHumanMilk,,,3.60E+07,3.30E+06,,,4.50E+07,3.40E+06,
sp|P10451|OSTP_HUMAN,DESNEHSDVIDSQELS,,,,DESNEHSDVIDSQELS,252,267,,PeptidesInHumanMilk,,,6.80E+06,,,,,,
sp|P10451|OSTP_HUMAN,DESNEHSDVIDSQELSK,,,,DESNEHSDVIDSQELSK,252,268,,PeptidesInHumanMilk,,,1.10E+07,,,,1.30E+07,3.90E+06,
sp|P10451|OSTP_HUMAN,SDVIDSQELSK,,,,SDVIDSQELSK,258,268,,PeptidesInHumanMilk,,,,,,,,1.30E+06,
sp|P10451|OSTP_HUMAN,REFHSHEFHSHEDM,,,,REFHSHEFHSHEDM,271,284,,PeptidesInHumanMilk,,,7.40E+06,,,,,,
sp|P10451|OSTP_HUMAN,REFHSHEFHSHEDMLVVDPKSKEEDKHL,,,,REFHSHEFHSHEDMLVVDPKSKEEDKHL,271,298,,PeptidesInHumanMilk,,,,,,4.20E+07,,,
sp|P10451|OSTP_HUMAN,REFHSHEFHSHEDMLVVDPKSKEEDKHLK,,,,REFHSHEFHSHEDMLVVDPKSKEEDKHLK,271,299,,PeptidesInHumanMilk,,,,,,,4.70E+07,,
sp|P10451|OSTP_HUMAN,HSHEFHSHEDMLVVDPK,,,,HSHEFHSHEDMLVVDPK,274,290,,PeptidesInHumanMilk,,3.80E+07,1.20E+08,,,,1.10E+08,,
sp|P10451|OSTP_HUMAN,HSHEFHSHEDMLVVDPKSKEEDK,,,,HSHEFHSHEDMLVVDPKSKEEDK,274,296,,PeptidesInHumanMilk,,3.90E+07,,,,,,,
sp|P10451|OSTP_HUMAN,HSHEFHSHEDMLVVDPKSKEEDKHL,,,,HSHEFHSHEDMLVVDPKSKEEDKHL,274,298,,PeptidesInHumanMilk,,,,,,,9.00E+07,,
sp|P10451|OSTP_HUMAN,HSHEFHSHEDMLVVDPKSKEEDKHLK,,,,HSHEFHSHEDMLVVDPKSKEEDKHLK,274,299,,PeptidesInHumanMilk,,,2.60E+07,,,,,,
sp|P10451|OSTP_HUMAN,SHEFHSHEDMLVVDPK,,,,SHEFHSHEDMLVVDPK,275,290,,PeptidesInHumanMilk,,,4.10E+07,,,,,,
sp|P10451|OSTP_HUMAN,HSHEDMLVVDPK,,,,HSHEDMLVVDPK,279,290,,PeptidesInHumanMilk,,6.90E+06,,8.40E+06,,1.10E+07,1.70E+07,9.20E+06,
sp|P10451|OSTP_HUMAN,SHEDMLVVDPK,,,,SHEDMLVVDPK,280,290,,PeptidesInHumanMilk,,1.20E+07,,1.50E+07,,,5.10E+07,1.30E+07,
sp|P10451|OSTP_HUMAN,DMLVVDPK,,,,DMLVVDPK,283,290,,PeptidesInHumanMilk,,2.20E+06,3.70E+06,,,,,,
sp|P10451|OSTP_HUMAN,MLVVDPKSKEED,,,,MLVVDPKSKEED,284,295,,PeptidesInHumanMilk,,,1.10E+07,,,,2.20E+07,,
sp|P10451|OSTP_HUMAN,LVVDPKSKEED,,,,LVVDPKSKEED,285,295,,PeptidesInHumanMilk,,,3.40E+06,,,,,,
sp|P10451|OSTP_HUMAN,LVVDPKSKEEDKHLK,,,,LVVDPKSKEEDKHLK,285,299,,PeptidesInHumanMilk,,,,,,,,9.40E+06,
sp|P10451|OSTP_HUMAN,SKEEDKHLKFRIS,,,,SKEEDKHLKFRIS,291,303,,PeptidesInHumanMilk,,,1.10E+07,1.80E+06,,2.60E+06,1.40E+06,5.40E+06,
sp|P10451|OSTP_HUMAN,SKEEDKHLKFRISHELDSASSEVN,,,,SKEEDKHLKFRISHELDSASSEVN,291,314,,PeptidesInHumanMilk,,8.30E+08,2.30E+09,1.10E+09,1.50E+07,1.40E+09,1.40E+09,6.10E+08,
sp|P10451|OSTP_HUMAN,HLKFRISHELDSASSEVN,,,,HLKFRISHELDSASSEVN,297,314,,PeptidesInHumanMilk,,3.40E+08,6.20E+08,3.80E+08,5.20E+07,2.80E+08,5.40E+08,1.30E+08,7.60E+01
sp|P10451|OSTP_HUMAN,FRISHELDSASSEVN,,,,FRISHELDSASSEVN,300,314,,PeptidesInHumanMilk,,6.70E+08,8.50E+08,1.10E+09,7.30E+07,7.60E+08,7.30E+08,5.30E+08,7.70E+01
sp|P10451|OSTP_HUMAN,RISHELDSASSEVN,,,,RISHELDSASSEVN,301,314,,PeptidesInHumanMilk,,4.10E+08,6.30E+08,6.30E+08,1.20E+08,5.50E+08,5.30E+08,3.50E+08,2.00E+00
sp|P10451|OSTP_HUMAN,ISHELDSASSEVN,,,,ISHELDSASSEVN,302,314,,PeptidesInHumanMilk,,1.30E+08,2.00E+08,1.50E+08,,1.00E+08,1.80E+08,2.50E+08,1.90E+01
sp|P10451|OSTP_HUMAN,SHELDSASSEVN,,,,SHELDSASSEVN,303,314,,PeptidesInHumanMilk,,4.80E+08,1.00E+09,4.40E+08,,1.90E+09,1.90E+09,8.90E+07,8.00E+00
sp|P10451|OSTP_HUMAN,HELDSASSEVN,,,,HELDSASSEVN,304,314,,PeptidesInHumanMilk,,1.90E+07,3.10E+07,1.40E+07,,1.20E+07,2.80E+07,1.70E+07,
sp|P10451|OSTP_HUMAN,ELDSASSEVN,,,,ELDSASSEVN,305,314,,PeptidesInHumanMilk,,,4.80E+07,3.20E+07,,3.80E+07,3.80E+07,2.90E+07,
sp|Q99541|PLIN2_HUMAN,VDPQPSVVTRVVN,,,,VDPQPSVVTRVVN,6,18,,PeptidesInHumanMilk,,,,,3.00E+06,,6.10E+06,1.50E+07,
sp|Q99541|PLIN2_HUMAN,PQPSVVTRVVNLPLVS,,,,PQPSVVTRVVNLPLVS,8,23,,PeptidesInHumanMilk,,,,,,,,8.30E+05,
sp|Q99541|PLIN2_HUMAN,SSTYDLMSSAYLSTKDQYPYLK,,,,SSTYDLMSSAYLSTKDQYPYLK,23,44,,PeptidesInHumanMilk,,,,,,,,,2.00E+00
sp|Q99541|PLIN2_HUMAN,STYDLMSSAYLSTKDQYPYLK,,,,STYDLMSSAYLSTKDQYPYLK,24,44,,PeptidesInHumanMilk,,9.40E+06,7.50E+06,1.50E+07,1.80E+07,3.40E+07,2.80E+07,,8.00E+00
sp|Q99541|PLIN2_HUMAN,SSAYLSTKDQYPYLK,,,,SSAYLSTKDQYPYLK,30,44,,PeptidesInHumanMilk,,1.10E+07,1.10E+07,,1.60E+06,4.10E+07,,1.70E+08,1.30E+01
sp|Q99541|PLIN2_HUMAN,SAYLSTKDQYPYLK,,,,SAYLSTKDQYPYLK,31,44,,PeptidesInHumanMilk,,,4.90E+06,1.00E+07,,1.90E+07,2.00E+07,7.90E+07,
sp|Q99541|PLIN2_HUMAN,YLSTKDQYPYLK,,,,YLSTKDQYPYLK,33,44,,PeptidesInHumanMilk,,,,,,,1.20E+07,2.90E+07,
sp|Q99541|PLIN2_HUMAN,STKDQYPYLK,,,,STKDQYPYLK,35,44,,PeptidesInHumanMilk,,,,,,,,2.10E+07,
sp|Q99541|PLIN2_HUMAN,SALPIIQKLEPQIA,,,,SALPIIQKLEPQIA,64,77,,PeptidesInHumanMilk,,,,,,3.80E+06,,1.20E+07,
sp|Q99541|PLIN2_HUMAN,ALPIIQKLEPQIA,,,,ALPIIQKLEPQIA,65,77,,PeptidesInHumanMilk,,5.90E+06,1.40E+07,1.80E+07,3.10E+07,4.60E+07,,9.80E+07,8.40E+01
sp|Q99541|PLIN2_HUMAN,ALPIIQKLEPQIAVANTY,,,,ALPIIQKLEPQIAVANTY,65,82,,PeptidesInHumanMilk,,,,,,,,1.50E+07,1.50E+01
sp|Q99541|PLIN2_HUMAN,LPIIQKL,,,,LPIIQKL,66,72,,PeptidesInHumanMilk,,6.00E+05,,,,5.40E+06,,1.90E+07,1.80E+01
sp|Q99541|PLIN2_HUMAN,LPIIQKLEPQIA,,,,LPIIQKLEPQIA,66,77,,PeptidesInHumanMilk,,1.20E+07,,1.40E+07,2.00E+07,4.70E+07,3.10E+07,1.20E+08,8.30E+01
sp|Q99541|PLIN2_HUMAN,PIIQKLEPQIA,,,,PIIQKLEPQIA,67,77,,PeptidesInHumanMilk,,,,,,,,8.30E+05,
sp|Q99541|PLIN2_HUMAN,NQPSTQIVANAKGAVT,,,,NQPSTQIVANAKGAVT,98,113,,PeptidesInHumanMilk,,,,5.40E+06,,,,,1.10E+01
sp|Q99541|PLIN2_HUMAN,QPSTQIVANAKGAVT,,,,QPSTQIVANAKGAVT,99,113,,PeptidesInHumanMilk,,,4.80E+06,,9.20E+06,,,3.50E+07,4.50E+01
sp|Q99541|PLIN2_HUMAN,GAVTGAKDAVTTTVTGAKDSVASTITGVMDK,,,,GAVTGAKDAVTTTVTGAKDSVASTITGVMDK,110,140,,PeptidesInHumanMilk,,,,,7.10E+06,1.50E+07,3.30E+07,,9.10E+01
sp|Q99541|PLIN2_HUMAN,GAKDAVTTTVTGAKDSVASTITGVMDKTKGAVTG,,,,GAKDAVTTTVTGAKDSVASTITGVMDKTKGAVTG,114,147,,PeptidesInHumanMilk,,,,,,4.40E+06,,5.20E+06,
sp|Q99541|PLIN2_HUMAN,GAKDSVASTITGVMDKTKGAVTG,,,,GAKDSVASTITGVMDKTKGAVTG,125,147,,PeptidesInHumanMilk,,,,,,,,,1.50E+01
sp|Q99541|PLIN2_HUMAN,DSVASTITGVMD,,,,DSVASTITGVMD,128,139,,PeptidesInHumanMilk,,,,,,,,5.70E+05,
sp|Q99541|PLIN2_HUMAN,KTKGAVTGSVEKTKSVVSG,,,,KTKGAVTGSVEKTKSVVSG,140,158,,PeptidesInHumanMilk,,5.00E+06,2.50E+06,8.80E+06,4.60E+06,9.60E+06,7.80E+06,3.80E+07,5.60E+01
sp|Q99541|PLIN2_HUMAN,SRMMQLVSSGVENALTK,,,,SRMMQLVSSGVENALTK,166,182,,PeptidesInHumanMilk,,,,,,2.90E+06,,8.20E+06,
sp|Q99541|PLIN2_HUMAN,SGVENALTKSE,,,,SGVENALTKSE,174,184,,PeptidesInHumanMilk,,,,,,,,,3.30E+01
sp|Q99541|PLIN2_HUMAN,SGVENALTKSELL,,,,SGVENALTKSELL,174,186,,PeptidesInHumanMilk,,4.30E+06,,,,1.40E+07,1.60E+07,,9.20E+01
sp|Q99541|PLIN2_HUMAN,SGVENALTKSELLVEQ,,,,SGVENALTKSELLVEQ,174,189,,PeptidesInHumanMilk,,,,,2.40E+06,3.10E+06,,8.30E+07,1.20E+01
sp|Q99541|PLIN2_HUMAN,SGVENALTKSELLVEQY,,,,SGVENALTKSELLVEQY,174,190,,PeptidesInHumanMilk,,4.90E+06,,8.60E+06,,1.60E+07,1.70E+07,,5.50E+01
sp|Q99541|PLIN2_HUMAN,GVENALTKSE,,,,GVENALTKSE,175,184,,PeptidesInHumanMilk,,,,,,,,1.40E+06,
sp|Q99541|PLIN2_HUMAN,GVENALTKSELLVEQ,,,,GVENALTKSELLVEQ,175,189,,PeptidesInHumanMilk,,,,,4.40E+06,,,2.00E+07,2.30E+01
sp|Q99541|PLIN2_HUMAN,GVENALTKSELLVEQY,,,,GVENALTKSELLVEQY,175,190,,PeptidesInHumanMilk,,,,2.10E+06,,,,9.00E+06,1.00E+00
sp|Q99541|PLIN2_HUMAN,VENALTKSELL,,,,VENALTKSELL,176,186,,PeptidesInHumanMilk,,,,,,,,3.40E+06,
sp|Q99541|PLIN2_HUMAN,NALTKSELLVEQ,,,,NALTKSELLVEQ,178,189,,PeptidesInHumanMilk,,,,,,,,,5.00E+00
sp|Q99541|PLIN2_HUMAN,TKSELLVEQ,,,,TKSELLVEQ,181,189,,PeptidesInHumanMilk,,,,,,,,2.00E+06,1.70E+01
sp|Q99541|PLIN2_HUMAN,KSELLVEQY,,,,KSELLVEQY,182,190,,PeptidesInHumanMilk,,,,,,,,1.70E+06,
sp|Q99541|PLIN2_HUMAN,SELLVEQYLPLTE,,,,SELLVEQYLPLTE,183,195,,PeptidesInHumanMilk,,,,,,1.40E+06,,4.00E+06,4.20E+01
sp|Q99541|PLIN2_HUMAN,SELLVEQYLPLTEEELEKEAK,,,,SELLVEQYLPLTEEELEKEAK,183,203,,PeptidesInHumanMilk,,,,,,2.70E+06,7.50E+06,,
sp|Q99541|PLIN2_HUMAN,LPLTEEELEKEAKKVE,,,,LPLTEEELEKEAKKVE,191,206,,PeptidesInHumanMilk,,,,,,,,8.80E+06,1.20E+01
sp|Q99541|PLIN2_HUMAN,LTEEELEKEAKKVEGFDLVQKPS,,,,LTEEELEKEAKKVEGFDLVQKPS,193,215,,PeptidesInHumanMilk,,,,,,,,,3.50E+01
sp|Q99541|PLIN2_HUMAN,EELEKEAKKVEGFDLV,,,,EELEKEAKKVEGFDLV,196,211,,PeptidesInHumanMilk,,,,,,,,7.70E+06,1.30E+01
sp|Q99541|PLIN2_HUMAN,KEAKKVEGFDLVQKPSYYVRLG,,,,KEAKKVEGFDLVQKPSYYVRLG,200,221,,PeptidesInHumanMilk,,,,,,,,,5.60E+01
sp|Q99541|PLIN2_HUMAN,QKPSYYVRLG,,,,QKPSYYVRLG,212,221,,PeptidesInHumanMilk,,,,,,,,5.90E+07,6.20E+01
sp|Q99541|PLIN2_HUMAN,SLSTKLHSRAY,,,,SLSTKLHSRAY,222,232,,PeptidesInHumanMilk,,,,,,,,1.60E+07,
sp|Q99541|PLIN2_HUMAN,SLSTKLHSRAYQ,,,,SLSTKLHSRAYQ,222,233,,PeptidesInHumanMilk,,,,,,,,9.20E+06,
sp|Q99541|PLIN2_HUMAN,SLSTKLHSRAYQQALS,,,,SLSTKLHSRAYQQALS,222,237,,PeptidesInHumanMilk,,3.30E+07,,,,,,8.90E+06,
sp|Q99541|PLIN2_HUMAN,LSRVKEAKQKSQQTISQLH,,,,LSRVKEAKQKSQQTISQLH,236,254,,PeptidesInHumanMilk,,,,,,,,5.10E+06,6.10E+01
sp|Q99541|PLIN2_HUMAN,RVKEAKQKSQQTISQLH,,,,RVKEAKQKSQQTISQLH,238,254,,PeptidesInHumanMilk,,4.40E+07,3.40E+07,7.60E+07,4.20E+07,4.50E+07,3.70E+07,3.20E+08,3.70E+01
sp|Q99541|PLIN2_HUMAN,RVKEAKQKSQQTISQLHS,,,,RVKEAKQKSQQTISQLHS,238,255,,PeptidesInHumanMilk,,,,,,1.30E+06,,3.40E+06,6.50E+01
sp|O60664|PLIN3_HUMAN,AAVSGAQPILSKLEPQIASASE,,,,AAVSGAQPILSKLEPQIASASE,73,94,,PeptidesInHumanMilk,,,,,,4.40E+06,,6.30E+06,
sp|O60664|PLIN3_HUMAN,GAQPILSKLEPQIA,,,,GAQPILSKLEPQIA,77,90,,PeptidesInHumanMilk,,,,,,,,,2.60E+01
sp|O60664|PLIN3_HUMAN,AQPILSKLEPQIA,,,,AQPILSKLEPQIA,78,90,,PeptidesInHumanMilk,,,,,,1.30E+07,,,
sp|O60664|PLIN3_HUMAN,RGLDKLEENLPILQQPTE,,,,RGLDKLEENLPILQQPTE,98,115,,PeptidesInHumanMilk,,,,,,,,,4.10E+01
sp|O60664|PLIN3_HUMAN,KVLADTKELVSSKVS,,,,KVLADTKELVSSKVS,116,130,,PeptidesInHumanMilk,,,,,,,,,9.00E+00
sp|O60664|PLIN3_HUMAN,KVLADTKELVSSKVSGAQ,,,,KVLADTKELVSSKVSGAQ,116,133,,PeptidesInHumanMilk,,,,,,,,,5.60E+01
sp|O60664|PLIN3_HUMAN,KVLADTKELVSSKVSGAQE,,,,KVLADTKELVSSKVSGAQE,116,134,,PeptidesInHumanMilk,,,,,,2.00E+06,,,5.20E+01
sp|O60664|PLIN3_HUMAN,ADTKELVSSKVSGAQ,,,,ADTKELVSSKVSGAQ,119,133,,PeptidesInHumanMilk,,,,,,,,,6.90E+01
sp|O60664|PLIN3_HUMAN,ADTKELVSSKVSGAQE,,,,ADTKELVSSKVSGAQE,119,134,,PeptidesInHumanMilk,,,,,,,,,6.50E+01
sp|O60664|PLIN3_HUMAN,DTKELVSSKVS,,,,DTKELVSSKVS,120,130,,PeptidesInHumanMilk,,,,,,,,,2.20E+01
sp|O60664|PLIN3_HUMAN,DTKELVSSKVSGAQ,,,,DTKELVSSKVSGAQ,120,133,,PeptidesInHumanMilk,,,,,,,,1.80E+06,2.80E+01
sp|O60664|PLIN3_HUMAN,SKVSGAQEMVSSAKDTVATQL,,,,SKVSGAQEMVSSAKDTVATQL,127,147,,PeptidesInHumanMilk,,,,,,,,1.20E+07,2.10E+01
sp|O60664|PLIN3_HUMAN,EAVDATRGAVQSGVDKTKSVVTGGVQ,,,,EAVDATRGAVQSGVDKTKSVVTGGVQ,149,174,,PeptidesInHumanMilk,,,,,,,,,7.40E+01
sp|O60664|PLIN3_HUMAN,KQLQGPEKEPPKPEQVESRALT,,,,KQLQGPEKEPPKPEQVESRALT,307,328,,PeptidesInHumanMilk,,,,,,,,,2.90E+01
sp|O60664|PLIN3_HUMAN,DIAQQLQ,,,,DIAQQLQ,332,338,,PeptidesInHumanMilk,,,,,,,,,2.60E+01
sp|O60664|PLIN3_HUMAN,LPTNVKDQVQQ,,,,LPTNVKDQVQQ,351,361,,PeptidesInHumanMilk,,,,,,1.40E+06,,3.40E+06,
sp|O60664|PLIN3_HUMAN,LVGPFAPGITEKAPEEKK,,,,LVGPFAPGITEKAPEEKK,417,434,,PeptidesInHumanMilk,,,,,,1.80E+07,,,4.10E+01
sp|O60664|PLIN3_HUMAN,VGPFAPGITEKAPEEKK,,,,VGPFAPGITEKAPEEKK,418,434,,PeptidesInHumanMilk,,,,,,,,,
sp|P01833|PIGR_HUMAN,DVSLAKADAAPDEKVLDSGFREIENK,,,,DVSLAKADAAPDEKVLDSGFREIENK,572,597,,PeptidesInHumanMilk,,3.30E+07,,,,5.30E+07,,,
sp|P01833|PIGR_HUMAN,DAAPDEKVLDSGFREIENK,,,,DAAPDEKVLDSGFREIENK,579,597,,PeptidesInHumanMilk,,,6.70E+07,4.30E+07,,7.50E+07,7.70E+07,3.80E+07,
sp|P01833|PIGR_HUMAN,DEKVLDSGFREIENK,,,,DEKVLDSGFREIENK,583,597,,PeptidesInHumanMilk,,,,,,,,,1.60E+01
sp|P01833|PIGR_HUMAN,EIENKAIQDPR,,,,EIENKAIQDPR,593,603,,PeptidesInHumanMilk,,,,1.80E+06,,,,4.20E+06,
sp|P01833|PIGR_HUMAN,EIENKAIQDPRLFAEEK,,,,EIENKAIQDPRLFAEEK,593,609,,PeptidesInHumanMilk,,,,,1.00E+08,3.50E+07,,,
sp|P01833|PIGR_HUMAN,AIQDPRLF,,,,AIQDPRLF,598,605,,PeptidesInHumanMilk,,7.50E+06,,,,,,,
sp|P01833|PIGR_HUMAN,AIQDPRLFAEEKAVADTR,,,,AIQDPRLFAEEKAVADTR,598,615,,PeptidesInHumanMilk,,4.00E+07,,1.90E+07,,,1.80E+07,3.10E+07,
sp|P01833|PIGR_HUMAN,AIQDPRLFAEEKAVADTRDQADGS,,,,AIQDPRLFAEEKAVADTRDQADGS,598,621,,PeptidesInHumanMilk,,1.60E+07,,1.90E+07,3.60E+07,2.80E+07,,2.90E+07,5.70E+01
sp|P01833|PIGR_HUMAN,AIQDPRLFAEEKAVADTRDQADGSR,,,,AIQDPRLFAEEKAVADTRDQADGSR,598,622,,PeptidesInHumanMilk,,3.20E+07,,6.50E+08,9.90E+08,1.20E+09,1.10E+09,,
sp|P01833|PIGR_HUMAN,AIQDPRLFAEEKAVADTRDQADGSRASVDSGSSEEQGGSS,,,,AIQDPRLFAEEKAVADTRDQADGSRASVDSGSSEEQGGSS,598,637,,PeptidesInHumanMilk,,3.30E+07,8.10E+07,4.60E+07,3.30E+07,4.40E+07,,4.10E+07,5.10E+01
sp|P01833|PIGR_HUMAN,AIQDPRLFAEEKAVADTRDQADGSRASVDSGSSEEQGGSSR,,,,AIQDPRLFAEEKAVADTRDQADGSRASVDSGSSEEQGGSSR,598,638,,PeptidesInHumanMilk,,,,2.00E+08,2.90E+08,,,,4.00E+00
sp|P01833|PIGR_HUMAN,AIQDPRLFAEEKAVADTRDQADGSRASVDSGSSEEQGGSSRA,,,,AIQDPRLFAEEKAVADTRDQADGSRASVDSGSSEEQGGSSRA,598,639,,PeptidesInHumanMilk,,,,8.40E+08,7.50E+06,8.30E+08,,,
sp|P01833|PIGR_HUMAN,IQDPRLFAEEKAVADTRDQADGSRASVDSGSSEEQGGSSRA,,,,IQDPRLFAEEKAVADTRDQADGSRASVDSGSSEEQGGSSRA,599,639,,PeptidesInHumanMilk,,,,,,,,3.60E+07,
sp|P01833|PIGR_HUMAN,QDPRLFAEEKAVADTR,,,,QDPRLFAEEKAVADTR,600,615,,PeptidesInHumanMilk,,,3.30E+07,,3.20E+07,,,3.80E+07,3.30E+01
sp|P01833|PIGR_HUMAN,DPRLFAEEKAVAD,,,,DPRLFAEEKAVAD,601,613,,PeptidesInHumanMilk,,,3.10E+07,,,,,1.10E+07,
sp|P01833|PIGR_HUMAN,DPRLFAEEKAVADTR,,,,DPRLFAEEKAVADTR,601,615,,PeptidesInHumanMilk,,,4.40E+07,1.60E+07,2.90E+07,1.90E+07,5.50E+07,2.20E+07,3.30E+01
sp|P01833|PIGR_HUMAN,DPRLFAEEKAVADTRDQ,,,,DPRLFAEEKAVADTRDQ,601,617,,PeptidesInHumanMilk,,,1.10E+07,8.50E+06,,1.00E+07,1.30E+07,1.00E+07,4.80E+01
sp|P01833|PIGR_HUMAN,LFAEEKAVAD,,,,LFAEEKAVAD,604,613,,PeptidesInHumanMilk,,,,,3.70E+06,,,2.90E+06,3.80E+01
sp|P01833|PIGR_HUMAN,LFAEEKAVADTRDQADGSR,,,,LFAEEKAVADTRDQADGSR,604,622,,PeptidesInHumanMilk,,2.40E+07,4.30E+07,3.10E+07,4.30E+07,3.20E+07,3.40E+07,4.70E+07,4.10E+01
sp|P01833|PIGR_HUMAN,LFAEEKAVADTRDQADGSRASVDSGSSEEQGGSSR,,,,LFAEEKAVADTRDQADGSRASVDSGSSEEQGGSSR,604,638,,PeptidesInHumanMilk,,9.50E+07,1.20E+08,4.00E+07,3.70E+05,2.10E+08,1.50E+08,7.80E+05,6.20E+01
sp|P01833|PIGR_HUMAN,LFAEEKAVADTRDQADGSRASVDSGSSEEQGGSSRA,,,,LFAEEKAVADTRDQADGSRASVDSGSSEEQGGSSRA,604,639,,PeptidesInHumanMilk,,2.60E+08,2.40E+08,3.90E+08,2.60E+08,4.70E+08,3.60E+08,2.60E+08,3.80E+01
sp|P01833|PIGR_HUMAN,FAEEKAVADTRD,,,,FAEEKAVADTRD,605,616,,PeptidesInHumanMilk,,,,,,,,7.90E+05,
sp|P01833|PIGR_HUMAN,FAEEKAVADTRDQADGSR,,,,FAEEKAVADTRDQADGSR,605,622,,PeptidesInHumanMilk,,2.70E+07,4.60E+07,2.60E+07,3.80E+07,3.00E+07,2.40E+07,4.20E+07,3.90E+01
sp|P01833|PIGR_HUMAN,FAEEKAVADTRDQADGSRASVDSGSSEEQGGSS,,,,FAEEKAVADTRDQADGSRASVDSGSSEEQGGSS,605,637,,PeptidesInHumanMilk,,5.00E+06,,,,,2.50E+08,,
sp|P01833|PIGR_HUMAN,FAEEKAVADTRDQADGSRASVDSGSSEEQGGSSR,,,,FAEEKAVADTRDQADGSRASVDSGSSEEQGGSSR,605,638,,PeptidesInHumanMilk,,1.70E+08,5.10E+08,1.40E+08,9.10E+07,2.90E+08,,1.20E+08,1.50E+01
sp|P01833|PIGR_HUMAN,FAEEKAVADTRDQADGSRASVDSGSSEEQGGSSRA,,,,FAEEKAVADTRDQADGSRASVDSGSSEEQGGSSRA,605,639,,PeptidesInHumanMilk,,4.50E+07,8.10E+08,2.10E+09,1.50E+09,1.80E+09,2.10E+09,1.70E+09,2.00E+00
sp|P01833|PIGR_HUMAN,FAEEKAVADTRDQADGSRASVDSGSSEEQGGSSRAL,,,,FAEEKAVADTRDQADGSRASVDSGSSEEQGGSSRAL,605,640,,PeptidesInHumanMilk,,1.50E+07,2.50E+07,2.60E+07,1.70E+07,2.10E+07,2.40E+07,,2.40E+01
sp|P01833|PIGR_HUMAN,FAEEKAVADTRDQADGSRASVDSGSSEEQGGSSRALVST,,,,FAEEKAVADTRDQADGSRASVDSGSSEEQGGSSRALVST,605,643,,PeptidesInHumanMilk,,,,,2.00E+08,,,,3.00E+00
sp|P01833|PIGR_HUMAN,FAEEKAVADTRDQADGSRASVDSGSSEEQGGSSRALVSTL,,,,FAEEKAVADTRDQADGSRASVDSGSSEEQGGSSRALVSTL,605,644,,PeptidesInHumanMilk,,,,,1.40E+07,,,,3.10E+01
sp|P01833|PIGR_HUMAN,AEEKAVADTRDQADGSRASVDSGSSEEQGGSS,,,,AEEKAVADTRDQADGSRASVDSGSSEEQGGSS,606,637,,PeptidesInHumanMilk,,3.80E+06,2.20E+06,,5.20E+06,7.60E+05,2.20E+07,4.50E+06,9.10E+01
sp|P01833|PIGR_HUMAN,AEEKAVADTRDQADGSRASVDSGSSEEQGGSSRA,,,,AEEKAVADTRDQADGSRASVDSGSSEEQGGSSRA,606,639,,PeptidesInHumanMilk,,,7.20E+07,5.00E+07,8.70E+07,6.80E+07,7.40E+07,8.90E+07,1.20E+01
sp|P01833|PIGR_HUMAN,AEEKAVADTRDQADGSRASVDSGSSEEQGGSSRAL,,,,AEEKAVADTRDQADGSRASVDSGSSEEQGGSSRAL,606,640,,PeptidesInHumanMilk,,8.70E+05,,1.50E+06,,1.70E+06,,,1.70E+01
sp|P01833|PIGR_HUMAN,EEKAVADTRDQADGSRASVDSGSSEEQGGSS,,,,EEKAVADTRDQADGSRASVDSGSSEEQGGSS,607,637,,PeptidesInHumanMilk,,,8.70E+06,,,,1.80E+06,6.90E+06,2.00E+00
sp|P01833|PIGR_HUMAN,EEKAVADTRDQADGSRASVDSGSSEEQGGSSR,,,,EEKAVADTRDQADGSRASVDSGSSEEQGGSSR,607,638,,PeptidesInHumanMilk,,,,9.00E+06,2.00E+07,9.50E+06,1.00E+07,1.10E+07,2.90E+01
sp|P01833|PIGR_HUMAN,EEKAVADTRDQADGSRASVDSGSSEEQGGSSRA,,,,EEKAVADTRDQADGSRASVDSGSSEEQGGSSRA,607,639,,PeptidesInHumanMilk,,5.80E+07,1.20E+08,9.80E+07,1.20E+08,7.00E+07,5.00E+07,1.10E+08,7.20E+01
sp|P01833|PIGR_HUMAN,EKAVADTRDQADGSRASVDSGSSEEQGGSSRA,,,,EKAVADTRDQADGSRASVDSGSSEEQGGSSRA,608,639,,PeptidesInHumanMilk,,5.30E+06,3.80E+06,6.70E+06,5.80E+06,3.60E+06,2.20E+06,1.10E+07,
sp|P01833|PIGR_HUMAN,KAVADTRDQADGSRASVDSGSSEEQGGSS,,,,KAVADTRDQADGSRASVDSGSSEEQGGSS,609,637,,PeptidesInHumanMilk,,,,,,,,,
sp|P01833|PIGR_HUMAN,KAVADTRDQADGSRASVDSGSSEEQGGSSR,,,,KAVADTRDQADGSRASVDSGSSEEQGGSSR,609,638,,PeptidesInHumanMilk,,6.00E+05,5.20E+05,8.50E+05,,,,2.50E+06,
sp|P01833|PIGR_HUMAN,KAVADTRDQADGSRASVDSGSSEEQGGSSRA,,,,KAVADTRDQADGSRASVDSGSSEEQGGSSRA,609,639,,PeptidesInHumanMilk,,,,1.80E+06,1.30E+06,,,2.20E+06,
sp|P01833|PIGR_HUMAN,AVADTRDQADGSRASVDSGSSEE,,,,AVADTRDQADGSRASVDSGSSEE,610,632,,PeptidesInHumanMilk,,1.90E+06,1.60E+06,1.90E+06,2.50E+06,1.00E+06,,2.10E+06,3.80E+01
sp|P01833|PIGR_HUMAN,AVADTRDQADGSRASVDSGSSEEQ,,,,AVADTRDQADGSRASVDSGSSEEQ,610,633,,PeptidesInHumanMilk,,1.60E+06,,,,6.40E+05,,1.50E+06,
sp|P01833|PIGR_HUMAN,AVADTRDQADGSRASVDSGSSEEQG,,,,AVADTRDQADGSRASVDSGSSEEQG,610,634,,PeptidesInHumanMilk,,4.40E+06,5.50E+06,4.00E+06,4.80E+06,2.60E+06,1.40E+06,4.20E+06,6.60E+01
sp|P01833|PIGR_HUMAN,AVADTRDQADGSRASVDSGSSEEQGG,,,,AVADTRDQADGSRASVDSGSSEEQGG,610,635,,PeptidesInHumanMilk,,5.90E+06,6.10E+06,,6.30E+06,3.40E+06,1.80E+06,5.50E+06,
sp|P01833|PIGR_HUMAN,AVADTRDQADGSRASVDSGSSEEQGGS,,,,AVADTRDQADGSRASVDSGSSEEQGGS,610,636,,PeptidesInHumanMilk,,2.10E+06,2.50E+06,2.30E+06,1.80E+06,1.50E+06,,,3.00E+00
sp|P01833|PIGR_HUMAN,AVADTRDQADGSRASVDSGSSEEQGGSS,,,,AVADTRDQADGSRASVDSGSSEEQGGSS,610,637,,PeptidesInHumanMilk,,2.00E+08,5.80E+08,1.50E+08,3.80E+08,2.00E+08,1.60E+08,1.90E+08,5.20E+01
sp|P01833|PIGR_HUMAN,AVADTRDQADGSRASVDSGSSEEQGGSSRA,,,,AVADTRDQADGSRASVDSGSSEEQGGSSRA,610,639,,PeptidesInHumanMilk,,3.40E+08,5.10E+08,4.20E+08,3.60E+08,1.50E+09,8.40E+08,3.10E+09,5.40E+01
sp|P01833|PIGR_HUMAN,AVADTRDQADGSRASVDSGSSEEQGGSSRAL,,,,AVADTRDQADGSRASVDSGSSEEQGGSSRAL,610,640,,PeptidesInHumanMilk,,4.50E+06,,5.20E+06,3.70E+06,5.10E+07,5.00E+07,6.10E+06,5.80E+01
sp|P01833|PIGR_HUMAN,VADTRDQADGSRASVDSGSSEEQGG,,,,VADTRDQADGSRASVDSGSSEEQGG,611,635,,PeptidesInHumanMilk,,2.00E+06,,2.50E+06,,,,1.30E+06,
sp|P01833|PIGR_HUMAN,VADTRDQADGSRASVDSGSSEEQGGSS,,,,VADTRDQADGSRASVDSGSSEEQGGSS,611,637,,PeptidesInHumanMilk,,2.50E+07,6.00E+07,3.30E+07,3.20E+07,1.10E+07,1.40E+07,3.20E+07,6.90E+01
sp|P01833|PIGR_HUMAN,VADTRDQADGSRASVDSGSSEEQGGSSR,,,,VADTRDQADGSRASVDSGSSEEQGGSSR,611,638,,PeptidesInHumanMilk,,1.00E+07,5.00E+06,1.20E+07,,2.20E+06,1.30E+06,3.00E+07,8.20E+01
sp|P01833|PIGR_HUMAN,VADTRDQADGSRASVDSGSSEEQGGSSRA,,,,VADTRDQADGSRASVDSGSSEEQGGSSRA,611,639,,PeptidesInHumanMilk,,4.60E+09,6.00E+09,6.60E+09,,1.70E+09,1.10E+09,5.60E+09,9.00E+00
sp|P01833|PIGR_HUMAN,VADTRDQADGSRASVDSGSSEEQGGSSRAL,,,,VADTRDQADGSRASVDSGSSEEQGGSSRAL,611,640,,PeptidesInHumanMilk,,7.30E+06,8.40E+07,1.20E+07,,,5.00E+06,1.20E+07,
sp|P01833|PIGR_HUMAN,VADTRDQADGSRASVDSGSSEEQGGSSRALVST,,,,VADTRDQADGSRASVDSGSSEEQGGSSRALVST,611,643,,PeptidesInHumanMilk,,,4.80E+07,,,,,4.50E+07,
sp|P01833|PIGR_HUMAN,ADTRDQADGSRASVDSGSSEEQGGSSRA,,,,ADTRDQADGSRASVDSGSSEEQGGSSRA,612,639,,PeptidesInHumanMilk,,5.00E+06,,5.70E+06,,,,2.20E+07,4.90E+01
sp|P01833|PIGR_HUMAN,DTRDQADGSRASVDSGSSEEQGGSS,,,,DTRDQADGSRASVDSGSSEEQGGSS,613,637,,PeptidesInHumanMilk,,8.80E+05,5.80E+05,1.00E+06,,,,2.70E+06,1.10E+01
sp|P01833|PIGR_HUMAN,DTRDQADGSRASVDSGSSEEQGGSSRA,,,,DTRDQADGSRASVDSGSSEEQGGSSRA,613,639,,PeptidesInHumanMilk,,5.70E+07,2.10E+07,9.10E+07,,1.10E+07,6.70E+06,1.50E+08,1.50E+01
sp|P01833|PIGR_HUMAN,DTRDQADGSRASVDSGSSEEQGGSSRAL,,,,DTRDQADGSRASVDSGSSEEQGGSSRAL,613,640,,PeptidesInHumanMilk,,,,,,,,,4.30E+01
sp|P01833|PIGR_HUMAN,DQADGSRASVDSGSSEEQGGSSR,,,,DQADGSRASVDSGSSEEQGGSSR,616,638,,PeptidesInHumanMilk,,,,,,,,,7.80E+01
sp|P01833|PIGR_HUMAN,DQADGSRASVDSGSSEEQGGSSRA,,,,DQADGSRASVDSGSSEEQGGSSRA,616,639,,PeptidesInHumanMilk,,1.10E+07,7.50E+06,1.70E+07,4.90E+06,6.30E+06,4.70E+06,4.20E+07,1.40E+01
sp|P01833|PIGR_HUMAN,DQADGSRASVDSGSSEEQGGSSRAL,,,,DQADGSRASVDSGSSEEQGGSSRAL,616,640,,PeptidesInHumanMilk,,1.20E+07,2.00E+07,1.70E+07,1.40E+07,1.70E+07,1.50E+07,1.80E+07,1.90E+01
sp|P01833|PIGR_HUMAN,DQADGSRASVDSGSSEEQGGSSRALVST,,,,DQADGSRASVDSGSSEEQGGSSRALVST,616,643,,PeptidesInHumanMilk,,,2.10E+06,1.70E+06,2.90E+08,4.30E+08,,1.60E+06,3.90E+01
sp|P01833|PIGR_HUMAN,DQADGSRASVDSGSSEEQGGSSRALVSTL,,,,DQADGSRASVDSGSSEEQGGSSRALVSTL,616,644,,PeptidesInHumanMilk,,,,,3.10E+07,,,1.40E+07,6.20E+01
sp|P01833|PIGR_HUMAN,DQADGSRASVDSGSSEEQGGSSRALVSTLVPLG,,,,DQADGSRASVDSGSSEEQGGSSRALVSTLVPLG,616,648,,PeptidesInHumanMilk,,9.40E+09,1.60E+10,1.10E+10,4.50E+09,1.10E+10,1.20E+10,7.40E+09,4.90E+01
sp|P01833|PIGR_HUMAN,ASVDSGSSEEQGGSSRALVSTLVPLG,,,,ASVDSGSSEEQGGSSRALVSTLVPLG,623,648,,PeptidesInHumanMilk,,,1.90E+08,,,,,,
sp|P01833|PIGR_HUMAN,SVDSGSSEEQGGSSRALVST,,,,SVDSGSSEEQGGSSRALVST,624,643,,PeptidesInHumanMilk,,1.00E+07,1.60E+07,,8.10E+06,1.10E+07,,1.60E+07,
sp|P01833|PIGR_HUMAN,SVDSGSSEEQGGSSRALVSTLVPLG,,,,SVDSGSSEEQGGSSRALVSTLVPLG,624,648,,PeptidesInHumanMilk,,,,,,,,,1.90E+01
sp|P01833|PIGR_HUMAN,VDSGSSEEQGGSSRALVST,,,,VDSGSSEEQGGSSRALVST,625,643,,PeptidesInHumanMilk,,3.80E+06,6.20E+06,,,3.70E+06,,8.80E+06,3.20E+01
sp|P01833|PIGR_HUMAN,DSGSSEEQGGSSRALV,,,,DSGSSEEQGGSSRALV,626,641,,PeptidesInHumanMilk,,3.10E+07,5.30E+07,2.40E+07,3.60E+07,4.20E+07,4.30E+07,2.90E+07,4.60E+01
sp|P01833|PIGR_HUMAN,DSGSSEEQGGSSRALVST,,,,DSGSSEEQGGSSRALVST,626,643,,PeptidesInHumanMilk,,3.80E+07,,,,,,,5.20E+01
sp|P01833|PIGR_HUMAN,DSGSSEEQGGSSRALVSTLVPL,,,,DSGSSEEQGGSSRALVSTLVPL,626,647,,PeptidesInHumanMilk,,,,,1.30E+08,,,,
sp|P01833|PIGR_HUMAN,DSGSSEEQGGSSRALVSTLVPLG,,,,DSGSSEEQGGSSRALVSTLVPLG,626,648,,PeptidesInHumanMilk,,,,9.40E+08,9.10E+07,,,2.20E+08,
sp|P01833|PIGR_HUMAN,SGSSEEQGGSSRALVSTLVPLG,,,,SGSSEEQGGSSRALVSTLVPLG,627,648,,PeptidesInHumanMilk,,,,9.90E+06,,,1.90E+07,,
sp|P01833|PIGR_HUMAN,SSTVAAEAQDGPQEA,,,,SSTVAAEAQDGPQEA,750,764,,PeptidesInHumanMilk,,,,,6.70E+06,4.60E+06,6.10E+06,,2.60E+01
sp|P01833|PIGR_HUMAN,STVAAEAQDGPQEA,,,,STVAAEAQDGPQEA,751,764,,PeptidesInHumanMilk,,,,,,,1.30E+06,8.60E+06,
sp|P01833|PIGR_HUMAN,TVAAEAQDGPQEA,,,,TVAAEAQDGPQEA,752,764,,PeptidesInHumanMilk,,,,,,,,3.60E+06,2.90E+01
